1152
625 625 -0.250
629 629 -0.250
630 630 0.109
632 632 0.027
634 634 -0.500
638 638 0.109
640 640 0.027
641 641 -0.250
645 645 -0.250
647 647 0.109
648 648 0.027
652 652 -0.500
655 655 0.109
656 656 0.027
721 721 0.109
737 737 0.109
914 914 -0.027
916 916 -0.250
920 920 -0.027
922 922 -0.027
928 928 -0.027
1012 1012 -0.250
1013 1013 0.109
1018 1018 0.250
1026 1026 0.109
1027 1027 -0.250
1030 1030 -0.250
1048 1048 0.036
1049 1049 0.036
1050 1050 -1.000
1054 1054 0.109
1056 1056 0.036
1106 1106 -0.036
1107 1107 0.027
1108 1108 0.027
1111 1111 0.027
1112 1112 -0.036
1114 1114 0.250
1119 1119 0.027
1120 1120 -0.036
625 629 -1.000
625 630 -0.501
625 721 -0.501
626 631 -1.000
626 722 -1.000
627 629 -0.501
627 630 0.109
627 723 -1.000
628 632 -0.501
628 724 -1.000
630 638 -0.501
631 639 -0.501
632 640 -1.000
633 638 0.109
633 639 -1.000
634 638 -0.501
634 639 -0.501
640 648 -1.000
641 645 -1.000
641 647 -0.501
641 737 -0.501
643 645 -0.501
643 647 0.109
643 739 -1.000
644 646 -1.000
644 648 0.054
644 740 -0.501
646 654 -1.000
647 655 -0.501
648 656 -1.000
649 654 -1.000
649 655 0.109
649 656 0.054
650 653 -1.000
650 746 -0.501
652 654 -0.501
652 655 -0.501
652 656 -0.501
653 661 -0.501
659 661 -0.501
659 755 -0.501
665 670 0.109
665 761 -1.000
666 670 0.109
666 762 -1.000
668 670 -0.501
668 764 -1.000
721 725 0.109
721 817 -0.501
722 818 -0.501
723 725 -1.000
723 819 -1.000
724 727 -1.000
724 728 -0.501
727 735 -1.000
728 736 -1.000
729 733 -1.000
729 735 0.109
729 736 -0.501
731 734 -0.501
731 827 -0.501
732 735 0.109
732 736 -0.501
732 828 -0.501
733 741 -1.000
734 742 -0.501
737 744 0.109
738 741 -0.501
738 742 0.109
738 743 -1.000
739 744 -1.000
739 835 -0.501
740 836 -1.000
742 750 -0.501
743 751 -1.000
745 749 -1.000
745 752 -0.501
746 842 -0.501
747 750 -0.501
747 751 -1.000
748 749 -0.501
748 752 0.109
748 844 -1.000
752 760 -1.000
753 759 -1.000
753 849 -0.501
755 851 -1.000
759 767 -1.000
760 768 -1.000
761 765 0.109
761 768 -0.501
762 765 0.109
762 766 -1.000
762 767 -0.501
763 765 -0.501
763 766 -0.501
763 767 0.109
764 766 -0.501
764 767 0.109
817 913 -1.000
818 821 -0.501
819 823 -0.501
821 829 -0.501
823 831 -1.000
825 829 -1.000
825 832 -1.000
827 923 -0.501
828 924 -1.000
831 839 -1.000
832 840 -1.000
833 837 -0.501
833 838 -1.000
833 839 -0.501
834 837 0.109
834 838 -0.501
834 839 0.109
834 930 -0.501
835 931 -1.000
836 932 -0.501
837 845 -1.000
840 848 -0.501
842 938 -0.501
844 940 -1.000
845 853 -1.000
848 856 -0.501
849 853 -1.000
850 854 0.109
850 855 -0.501
850 946 -0.501
851 947 -0.501
852 854 -1.000
852 855 -0.501
852 948 -0.501
856 864 -0.501
857 861 -1.000
857 862 0.109
857 863 0.109
857 864 -0.501
858 862 0.109
858 863 0.109
858 954 -1.000
859 861 -0.501
859 863 -0.501
859 864 0.109
860 861 -0.501
860 862 -0.501
860 864 0.109
913 1009 -0.501
914 920 -1.000
914 1010 0.109
915 919 -1.000
915 1011 -1.000
916 919 -0.501
916 1012 -1.000
919 927 -1.000
920 928 -1.000
921 925 -0.501
921 926 -1.000
921 928 -0.250
922 926 -0.250
922 928 -1.000
922 1018 -0.501
923 925 -0.501
923 926 0.109
924 1020 -1.000
927 935 -1.000
930 934 -1.000
931 933 -1.000
932 1028 -0.501
933 941 -1.000
934 942 -1.000
935 943 -0.501
937 944 -0.501
937 1033 -0.501
938 1034 -0.501
939 941 -0.501
939 1035 -0.501
940 943 -1.000
942 950 -0.501
944 952 -0.501
945 950 -0.501
945 1041 -1.000
946 951 -0.501
947 949 -0.501
948 1044 -0.501
949 957 -1.000
951 959 -0.501
952 960 -0.501
954 959 -0.501
955 957 -0.501
955 960 -0.501
1009 1015 -0.501
1010 1016 -1.000
1010 1106 0.109
1011 1013 0.109
1011 1107 0.109
1012 1013 -0.501
1012 1108 -0.501
1013 1021 -0.501
1015 1023 -0.501
1016 1024 -1.000
1017 1021 -0.501
1017 1022 -0.501
1018 1024 -0.501
1018 1114 -1.000
1019 1023 -0.501
1019 1115 -0.501
1020 1021 0.109
1020 1022 -1.000
1024 1032 -1.000
1026 1029 0.109
1026 1030 -0.501
1026 1122 -0.501
1027 1029 -0.501
1027 1030 -1.000
1028 1124 -1.000
1029 1037 -1.000
1032 1040 -0.501
1033 1039 -0.501
1034 1037 -0.501
1035 1038 -0.501
1035 1039 0.109
1036 1038 -1.000
1036 1039 -0.501
1040 1048 -0.501
1041 1046 -1.000
1044 1140 -1.000
1046 1054 -0.501
1048 1056 -1.000
1049 1054 0.109
1049 1056 -1.000
1050 1054 -0.501
1050 1056 -0.501
1106 1112 -1.000
1107 1111 -1.000
1108 1111 -1.000
1111 1119 -1.000
1112 1120 -1.000
1114 1120 -0.501
1115 1118 -1.000
1118 1126 -0.501
1119 1127 -0.501
1120 1128 -0.501
1121 1127 0.109
1121 1128 -1.000
1122 1126 -0.501
1124 1125 -0.501
1125 1133 -1.000
1127 1135 -0.501
1128 1136 -1.000
1132 1135 -1.000
1132 1136 -0.501
1133 1141 -1.000
1140 1141 -0.501
