1152
576 576 -1.000
457 461 -1.000
457 553 -1.000
458 461 -1.000
458 554 -1.000
459 461 -1.000
459 462 -1.000
462 470 -1.000
465 471 0.223
465 561 -1.000
466 470 -1.000
466 562 -1.000
468 471 0.223
468 564 -1.000
474 477 -1.000
474 570 -1.000
475 477 -1.000
475 571 -1.000
476 477 -1.000
476 572 -1.000
553 558 0.223
554 558 0.223
555 557 -1.000
555 651 -1.000
557 565 -1.000
561 657 -1.000
562 658 -1.000
564 660 -1.000
565 573 -1.000
570 575 0.223
571 575 0.223
572 573 -1.000
572 576 -1.000
572 668 -1.000
651 653 -1.000
653 661 -1.000
657 662 -1.000
658 663 -1.000
660 662 -1.000
661 669 -1.000
662 670 -1.000
663 671 -1.000
665 669 -1.000
665 670 -1.000
668 671 -1.000
