G0: 10.000000, Gf: 0.000100, Ep0: 0.100000, Epf: 1.000000,                 P: 60, T: 0.004558, steps: 10000
6873 -97.058000
6873 -97.058000
6874 -97.058000
6874 -97.058000
6875 -97.058000
6875 -97.058000
6876 -97.058000
6876 -97.058000
6877 -97.058000
6877 -97.058000
6878 -97.058000
6878 -97.058000
6879 -97.058000
6879 -97.058000
6880 -97.058000
6880 -97.058000
6881 -97.058000
6881 -97.058000
6882 -97.058000
6882 -97.058000
6883 -97.058000
6883 -97.058000
6884 -97.058000
6884 -97.058000
6885 -97.058000
6885 -97.058000
6886 -97.058000
6886 -97.058000
6887 -97.058000
6887 -97.058000
6888 -97.058000
6888 -97.058000
6889 -97.058000
6889 -97.058000
6890 -97.058000
6890 -97.058000
6891 -97.058000
6891 -97.058000
6892 -97.058000
6892 -97.058000
6893 -97.058000
6893 -97.058000
6894 -97.058000
6894 -97.058000
6895 -97.058000
6895 -97.058000
6896 -97.058000
6896 -97.058000
6897 -97.058000
6897 -97.058000
6898 -97.058000
6898 -97.058000
6899 -97.058000
6899 -97.058000
6900 -97.058000
6900 -97.058000
6901 -97.058000
6901 -97.058000
6902 -97.058000
6902 -97.058000
6903 -97.058000
6903 -97.058000
6904 -97.058000
6904 -97.058000
6905 -97.058000
6905 -97.058000
6906 -97.058000
6906 -97.058000
6907 -97.058000
6907 -97.058000
6908 -97.058000
6908 -97.058000
6909 -97.058000
6909 -97.058000
6910 -97.058000
6910 -97.058000
6911 -97.058000
6911 -97.058000
6912 -97.058000
6912 -97.058000
6913 -97.058000
6913 -97.058000
6914 -97.058000
6914 -97.058000
6915 -97.058000
6915 -97.058000
6916 -97.058000
6916 -97.058000
6917 -97.058000
6917 -97.058000
6918 -97.058000
6918 -97.058000
6919 -97.058000
6919 -97.058000
6920 -97.058000
6920 -97.058000
6921 -97.058000
6921 -97.058000
6922 -97.058000
6922 -97.058000
6923 -97.058000
6923 -97.058000
6924 -97.058000
6924 -97.058000
6925 -97.058000
6925 -97.058000
6926 -97.058000
6926 -97.058000
6927 -97.058000
6927 -97.058000
6928 -97.058000
6928 -97.058000
6929 -97.058000
6929 -97.058000
6930 -97.058000
6930 -97.058000
6931 -97.058000
6931 -97.058000
6932 -97.058000
6932 -97.058000
6933 -97.058000
6933 -97.058000
6934 -97.058000
6934 -97.058000
6935 -97.058000
6935 -97.058000
6936 -97.058000
6936 -97.058000
6937 -97.058000
6937 -97.058000
6938 -97.058000
6938 -97.058000
6939 -97.058000
6939 -97.058000
6940 -97.058000
6940 -97.058000
6941 -97.058000
6941 -97.058000
6942 -97.058000
6942 -97.058000
6943 -97.058000
6943 -97.058000
6944 -97.058000
6944 -97.058000
6945 -97.058000
6945 -97.058000
6946 -97.058000
6946 -97.058000
6947 -97.058000
6947 -97.058000
6948 -97.058000
6948 -97.058000
6949 -97.058000
6949 -97.058000
6950 -97.058000
6950 -97.058000
6951 -97.058000
6951 -97.058000
6952 -97.058000
6952 -97.058000
6953 -97.058000
6953 -97.058000
6954 -97.058000
6954 -97.058000
6955 -97.058000
6955 -97.058000
6956 -97.058000
6956 -97.058000
6957 -97.058000
6957 -97.058000
6958 -97.058000
6958 -97.058000
6959 -97.058000
6959 -97.058000
6960 -97.058000
6960 -97.058000
6961 -97.058000
6961 -97.058000
6962 -97.058000
6962 -97.058000
6963 -97.058000
6963 -97.058000
6964 -97.058000
6964 -97.058000
6965 -97.058000
6965 -97.058000
6966 -97.058000
6966 -97.058000
6967 -97.058000
6967 -97.058000
6968 -97.058000
6968 -97.058000
6969 -97.058000
6969 -97.058000
6970 -97.058000
6970 -97.058000
6971 -97.058000
6971 -97.058000
6972 -97.058000
6972 -97.058000
6973 -97.058000
6973 -97.058000
6974 -97.058000
6974 -97.058000
6975 -97.058000
6975 -97.058000
6976 -97.058000
6976 -97.058000
6977 -97.058000
6977 -97.058000
6978 -97.058000
6978 -97.058000
6979 -97.058000
6979 -97.058000
6980 -97.058000
6980 -97.058000
6981 -97.058000
6981 -97.058000
6982 -97.058000
6982 -97.058000
6983 -97.058000
6983 -97.058000
6984 -97.058000
6984 -97.058000
6985 -97.058000
6985 -97.058000
6986 -97.058000
6986 -97.058000
6987 -97.058000
6987 -97.058000
6988 -97.058000
6988 -97.058000
6989 -97.058000
6989 -97.058000
6990 -97.058000
6990 -97.058000
6991 -97.058000
6991 -97.058000
6992 -97.058000
6992 -97.058000
6993 -97.058000
6993 -97.058000
6994 -97.058000
6994 -97.058000
6995 -97.058000
6995 -97.058000
6996 -97.058000
6996 -97.058000
6997 -97.058000
6997 -97.058000
6998 -97.058000
6998 -97.058000
6999 -97.058000
6999 -97.058000
7000 -97.058000
7000 -97.058000
7001 -97.058000
7001 -97.058000
7002 -97.058000
7002 -97.058000
7003 -97.058000
7003 -97.058000
7004 -97.058000
7004 -97.058000
7005 -97.058000
7005 -97.058000
7006 -97.058000
7006 -97.058000
7007 -97.058000
7007 -97.058000
7008 -97.058000
7008 -97.058000
7009 -97.058000
7009 -97.058000
7010 -97.058000
7010 -97.058000
7011 -97.058000
7011 -97.058000
7012 -97.058000
7012 -97.058000
7013 -97.058000
7013 -97.058000
7014 -97.058000
7014 -97.058000
7015 -97.058000
7015 -97.058000
7016 -97.058000
7016 -97.058000
7017 -97.058000
7017 -97.058000
7018 -97.058000
7018 -97.058000
7019 -97.058000
7019 -97.058000
7020 -97.058000
7020 -97.058000
7021 -97.058000
7021 -97.058000
7022 -97.058000
7022 -97.058000
7023 -97.058000
7023 -97.058000
7024 -97.058000
7024 -97.058000
7025 -97.058000
7025 -97.058000
7026 -97.058000
7026 -97.058000
7027 -97.058000
7027 -97.058000
7028 -97.058000
7028 -97.058000
7029 -97.058000
7029 -97.058000
7030 -97.058000
7030 -97.058000
7031 -97.058000
7031 -97.058000
7032 -97.058000
7032 -97.058000
7033 -97.058000
7033 -97.058000
7034 -97.058000
7034 -97.058000
7035 -97.058000
7035 -97.058000
7036 -97.058000
7036 -97.058000
7037 -97.058000
7037 -97.058000
7038 -97.058000
7038 -97.058000
7039 -97.058000
7039 -97.058000
7040 -97.058000
7040 -97.058000
7041 -97.058000
7041 -97.058000
7042 -97.058000
7042 -97.058000
7043 -97.058000
7043 -97.058000
7044 -97.058000
7044 -97.058000
7045 -97.058000
7045 -97.058000
7046 -97.058000
7046 -97.058000
7047 -97.058000
7047 -97.058000
7048 -97.058000
7048 -97.058000
7049 -97.058000
7049 -97.058000
7050 -97.058000
7050 -97.058000
7051 -97.058000
7051 -97.058000
7052 -97.058000
7052 -97.058000
7053 -97.058000
7053 -97.058000
7054 -97.058000
7054 -97.058000
7055 -97.058000
7055 -97.058000
7056 -97.058000
7056 -97.058000
7057 -97.058000
7057 -97.058000
7058 -97.058000
7058 -97.058000
7059 -97.058000
7059 -97.058000
7060 -97.058000
7060 -97.058000
7061 -97.058000
7061 -97.058000
7062 -97.058000
7062 -97.058000
7063 -97.058000
7063 -97.058000
7064 -97.058000
7064 -97.058000
7065 -97.058000
7065 -97.058000
7066 -97.058000
7066 -97.058000
7067 -97.058000
7067 -97.058000
7068 -97.058000
7068 -97.058000
7069 -97.058000
7069 -97.058000
7070 -97.058000
7070 -97.058000
7071 -97.058000
7071 -97.058000
7072 -97.058000
7072 -97.058000
7073 -97.058000
7073 -97.058000
7074 -97.058000
7074 -97.058000
7075 -97.058000
7075 -97.058000
7076 -97.058000
7076 -97.058000
7077 -97.058000
7077 -97.058000
7078 -97.058000
7078 -97.058000
7079 -97.058000
7079 -97.058000
7080 -97.058000
7080 -97.058000
7081 -97.058000
7081 -97.058000
7082 -97.058000
7082 -97.058000
7083 -97.058000
7083 -97.058000
7084 -97.058000
7084 -97.058000
7085 -97.058000
7085 -97.058000
7086 -97.058000
7086 -97.058000
7087 -97.058000
7087 -97.058000
7088 -97.058000
7088 -97.058000
7089 -97.058000
7089 -97.058000
7090 -97.058000
7090 -97.058000
7091 -97.058000
7091 -97.058000
7092 -97.058000
7092 -97.058000
7093 -97.058000
7093 -97.058000
7094 -97.058000
7094 -97.058000
7095 -97.058000
7095 -97.058000
7096 -97.058000
7096 -97.058000
7097 -97.058000
7097 -97.058000
7098 -97.058000
7098 -97.058000
7099 -97.058000
7099 -97.058000
7100 -97.058000
7100 -97.058000
7101 -97.058000
7101 -97.058000
7102 -97.058000
7102 -97.058000
7103 -97.058000
7103 -97.058000
7104 -97.058000
7104 -97.058000
7105 -97.058000
7105 -97.058000
7106 -97.058000
7106 -97.058000
7107 -97.058000
7107 -97.058000
7108 -97.058000
7108 -97.058000
7109 -97.058000
7109 -97.058000
7110 -97.058000
7110 -97.058000
7111 -97.058000
7111 -97.058000
7112 -97.058000
7112 -97.058000
7113 -97.058000
7113 -97.058000
7114 -97.058000
7114 -97.058000
7115 -97.058000
7115 -97.058000
7116 -97.058000
7116 -97.058000
7117 -97.058000
7117 -97.058000
7118 -97.058000
7118 -97.058000
7119 -97.058000
7119 -97.058000
7120 -97.058000
7120 -97.058000
7121 -97.058000
7121 -97.058000
7122 -97.058000
7122 -97.058000
7123 -97.058000
7123 -97.058000
7124 -97.058000
7124 -97.058000
7125 -97.058000
7125 -97.058000
7126 -97.058000
7126 -97.058000
7127 -97.058000
7127 -97.058000
7128 -97.058000
7128 -97.058000
7129 -97.058000
7129 -97.058000
7130 -97.058000
7130 -97.058000
7131 -97.058000
7131 -97.058000
7132 -97.058000
7132 -97.058000
7133 -97.058000
7133 -97.058000
7134 -97.058000
7134 -97.058000
7135 -97.058000
7135 -97.058000
7136 -97.058000
7136 -97.058000
7137 -97.058000
7137 -97.058000
7138 -97.058000
7138 -97.058000
7139 -97.058000
7139 -97.058000
7140 -97.058000
7140 -97.058000
7141 -97.058000
7141 -97.058000
7142 -97.058000
7142 -97.058000
7143 -97.058000
7143 -97.058000
7144 -97.058000
7144 -97.058000
7145 -97.058000
7145 -97.058000
7146 -97.058000
7146 -97.058000
7147 -97.058000
7147 -97.058000
7148 -97.058000
7148 -97.058000
7149 -97.058000
7149 -97.058000
7150 -97.058000
7150 -97.058000
7151 -97.058000
7151 -97.058000
7152 -97.058000
7152 -97.058000
7153 -97.058000
7153 -97.058000
7154 -97.058000
7154 -97.058000
7155 -97.058000
7155 -97.058000
7156 -97.058000
7156 -97.058000
7157 -97.058000
7157 -97.058000
7158 -97.058000
7158 -97.058000
7159 -97.058000
7159 -97.058000
7160 -97.058000
7160 -97.058000
7161 -97.058000
7161 -97.058000
7162 -97.058000
7162 -97.058000
7163 -97.058000
7163 -97.058000
7164 -97.058000
7164 -97.058000
7165 -97.058000
7165 -97.058000
7166 -97.058000
7166 -97.058000
7167 -97.058000
7167 -97.058000
7168 -97.058000
7168 -97.058000
7169 -97.058000
7169 -97.058000
7170 -97.058000
7170 -97.058000
7171 -97.058000
7171 -97.058000
7172 -97.058000
7172 -97.058000
7173 -97.058000
7173 -97.058000
7174 -97.058000
7174 -97.058000
7175 -97.058000
7175 -97.058000
7176 -97.058000
7176 -97.058000
7177 -97.058000
7177 -97.058000
7178 -97.058000
7178 -97.058000
7179 -97.058000
7179 -97.058000
7180 -97.058000
7180 -97.058000
7181 -97.058000
7181 -97.058000
7182 -97.058000
7182 -97.058000
7183 -97.058000
7183 -97.058000
7184 -97.058000
7184 -97.058000
7185 -97.058000
7185 -97.058000
7186 -97.058000
7186 -97.058000
7187 -97.058000
7187 -97.058000
7188 -97.058000
7188 -97.058000
7189 -97.058000
7189 -97.058000
7190 -97.058000
7190 -97.058000
7191 -97.058000
7191 -97.058000
7192 -97.058000
7192 -97.058000
7193 -97.058000
7193 -97.058000
7194 -97.058000
7194 -97.058000
7195 -97.058000
7195 -97.058000
7196 -97.058000
7196 -97.058000
7197 -97.058000
7197 -97.058000
7198 -97.058000
7198 -97.058000
7199 -97.058000
7199 -97.058000
7200 -97.058000
7200 -97.058000
7201 -97.058000
7201 -97.058000
7202 -97.058000
7202 -97.058000
7203 -97.058000
7203 -97.058000
7204 -97.058000
7204 -97.058000
7205 -97.058000
7205 -97.058000
7206 -97.058000
7206 -97.058000
7207 -97.058000
7207 -97.058000
7208 -97.058000
7208 -97.058000
7209 -97.058000
7209 -97.058000
7210 -97.058000
7210 -97.058000
7211 -97.058000
7211 -97.058000
7212 -97.058000
7212 -97.058000
7213 -97.058000
7213 -97.058000
7214 -97.058000
7214 -97.058000
7215 -97.058000
7215 -97.058000
7216 -97.058000
7216 -97.058000
7217 -97.058000
7217 -97.058000
7218 -97.058000
7218 -97.058000
7219 -97.058000
7219 -97.058000
7220 -97.058000
7220 -97.058000
7221 -97.058000
7221 -97.058000
7222 -97.058000
7222 -97.058000
7223 -97.058000
7223 -97.058000
7224 -97.058000
7224 -97.058000
7225 -97.058000
7225 -97.058000
7226 -97.058000
7226 -97.058000
7227 -97.058000
7227 -97.058000
7228 -97.058000
7228 -97.058000
7229 -97.058000
7229 -97.058000
7230 -97.058000
7230 -97.058000
7231 -97.058000
7231 -97.058000
7232 -97.058000
7232 -97.058000
7233 -97.058000
7233 -97.058000
7234 -97.058000
7234 -97.058000
7235 -97.058000
7235 -97.058000
7236 -97.058000
7236 -97.058000
7237 -97.058000
7237 -97.058000
7238 -97.058000
7238 -97.058000
7239 -97.058000
7239 -97.058000
7240 -97.058000
7240 -97.058000
7241 -97.058000
7241 -97.058000
7242 -97.058000
7242 -97.058000
7243 -97.058000
7243 -97.058000
7244 -97.058000
7244 -97.058000
7245 -97.058000
7245 -97.058000
7246 -97.058000
7246 -97.058000
7247 -97.058000
7247 -97.058000
7248 -97.058000
7248 -97.058000
7249 -97.058000
7249 -97.058000
7250 -97.058000
7250 -97.058000
7251 -97.058000
7251 -97.058000
7252 -97.058000
7252 -97.058000
7253 -97.058000
7253 -97.058000
7254 -97.058000
7254 -97.058000
7255 -97.058000
7255 -97.058000
7256 -97.058000
7256 -97.058000
7257 -97.058000
7257 -97.058000
7258 -97.058000
7258 -97.058000
7259 -97.058000
7259 -97.058000
7260 -97.058000
7260 -97.058000
7261 -97.058000
7261 -97.058000
7262 -97.058000
7262 -97.058000
7263 -97.058000
7263 -97.058000
7264 -97.058000
7264 -97.058000
7265 -97.058000
7265 -97.058000
7266 -97.058000
7266 -97.058000
7267 -97.058000
7267 -97.058000
7268 -97.058000
7268 -97.058000
7269 -97.058000
7269 -97.058000
7270 -97.058000
7270 -97.058000
7271 -97.058000
7271 -97.058000
7272 -97.058000
7272 -97.058000
7273 -97.058000
7273 -97.058000
7274 -97.058000
7274 -97.058000
7275 -97.058000
7275 -97.058000
7276 -97.058000
7276 -97.058000
7277 -97.058000
7277 -97.058000
7278 -97.058000
7278 -97.058000
7279 -97.058000
7279 -97.058000
7280 -97.058000
7280 -97.058000
7281 -97.058000
7281 -97.058000
7282 -97.058000
7282 -97.058000
7283 -97.058000
7283 -97.058000
7284 -97.058000
7284 -97.058000
7285 -97.058000
7285 -97.058000
7286 -97.058000
7286 -97.058000
7287 -97.058000
7287 -97.058000
7288 -97.058000
7288 -97.058000
7289 -97.058000
7289 -97.058000
7290 -97.058000
7290 -97.058000
7291 -97.058000
7291 -97.058000
7292 -97.058000
7292 -97.058000
7293 -97.058000
7293 -97.058000
7294 -97.058000
7294 -97.058000
7295 -97.058000
7295 -97.058000
7296 -97.058000
7296 -97.058000
7297 -97.058000
7297 -97.058000
7298 -97.058000
7298 -97.058000
7299 -97.058000
7299 -97.058000
7300 -97.058000
7300 -97.058000
7301 -97.058000
7301 -97.058000
7302 -97.058000
7302 -97.058000
7303 -97.058000
7303 -97.058000
7304 -97.058000
7304 -97.058000
7305 -97.058000
7305 -97.058000
7306 -97.058000
7306 -97.058000
7307 -97.058000
7307 -97.058000
7308 -97.058000
7308 -97.058000
7309 -97.058000
7309 -97.058000
7310 -97.058000
7310 -97.058000
7311 -97.058000
7311 -97.058000
7312 -97.058000
7312 -97.058000
7313 -97.058000
7313 -97.058000
7314 -97.058000
7314 -97.058000
7315 -97.058000
7315 -97.058000
7316 -97.058000
7316 -97.058000
7317 -97.058000
7317 -97.058000
7318 -97.058000
7318 -97.058000
7319 -97.058000
7319 -97.058000
7320 -97.058000
7320 -97.058000
7321 -97.058000
7321 -97.058000
7322 -97.058000
7322 -97.058000
7323 -97.058000
7323 -97.058000
7324 -97.058000
7324 -97.058000
7325 -97.058000
7325 -97.058000
7326 -97.058000
7326 -97.058000
7327 -97.058000
7327 -97.058000
7328 -97.058000
7328 -97.058000
7329 -97.058000
7329 -97.058000
7330 -97.058000
7330 -97.058000
7331 -97.058000
7331 -97.058000
7332 -97.058000
7332 -97.058000
7333 -97.058000
7333 -97.058000
7334 -97.058000
7334 -97.058000
7335 -97.058000
7335 -97.058000
7336 -97.058000
7336 -97.058000
7337 -97.058000
7337 -97.058000
7338 -97.058000
7338 -97.058000
7339 -97.058000
7339 -97.058000
7340 -97.058000
7340 -97.058000
7341 -97.058000
7341 -97.058000
7342 -97.058000
7342 -97.058000
7343 -97.058000
7343 -97.058000
7344 -97.058000
7344 -97.058000
7345 -97.058000
7345 -97.058000
7346 -97.058000
7346 -97.058000
7347 -97.058000
7347 -97.058000
7348 -97.058000
7348 -97.058000
7349 -97.058000
7349 -97.058000
7350 -97.058000
7350 -97.058000
7351 -97.058000
7351 -97.058000
7352 -97.058000
7352 -97.058000
7353 -97.058000
7353 -97.058000
7354 -97.058000
7354 -97.058000
7355 -97.058000
7355 -97.058000
7356 -97.058000
7356 -97.058000
7357 -97.058000
7357 -97.058000
7358 -97.058000
7358 -97.058000
7359 -97.058000
7359 -97.058000
7360 -97.058000
7360 -97.058000
7361 -97.058000
7361 -97.058000
7362 -97.058000
7362 -97.058000
7363 -97.058000
7363 -97.058000
7364 -97.058000
7364 -97.058000
7365 -97.058000
7365 -97.058000
7366 -97.058000
7366 -97.058000
7367 -97.058000
7367 -97.058000
7368 -97.058000
7368 -97.058000
7369 -97.058000
7369 -97.058000
7370 -97.058000
7370 -97.058000
7371 -97.058000
7371 -97.058000
7372 -97.058000
7372 -97.058000
7373 -97.058000
7373 -97.058000
7374 -97.058000
7374 -97.058000
7375 -97.058000
7375 -97.058000
7376 -97.058000
7376 -97.058000
7377 -97.058000
7377 -97.058000
7378 -97.058000
7378 -97.058000
7379 -97.058000
7379 -97.058000
7380 -97.058000
7380 -97.058000
7381 -97.058000
7381 -97.058000
7382 -97.058000
7382 -97.058000
7383 -97.058000
7383 -97.058000
7384 -97.058000
7384 -97.058000
7385 -97.058000
7385 -97.058000
7386 -97.058000
7386 -97.058000
7387 -97.058000
7387 -97.058000
7388 -97.058000
7388 -97.058000
7389 -97.058000
7389 -97.058000
7390 -97.058000
7390 -97.058000
7391 -97.058000
7391 -97.058000
7392 -97.058000
7392 -97.058000
7393 -97.058000
7393 -97.058000
7394 -97.058000
7394 -97.058000
7395 -97.058000
7395 -97.058000
7396 -97.058000
7396 -97.058000
7397 -97.058000
7397 -97.058000
7398 -97.058000
7398 -97.058000
7399 -97.058000
7399 -97.058000
7400 -97.058000
7400 -97.058000
7401 -97.058000
7401 -97.058000
7402 -97.058000
7402 -97.058000
7403 -97.058000
7403 -97.058000
7404 -97.058000
7404 -97.058000
7405 -97.058000
7405 -97.058000
7406 -97.058000
7406 -97.058000
7407 -97.058000
7407 -97.058000
7408 -97.058000
7408 -97.058000
7409 -97.058000
7409 -97.058000
7410 -97.058000
7410 -97.058000
7411 -97.058000
7411 -97.058000
7412 -97.058000
7412 -97.058000
7413 -97.058000
7413 -97.058000
7414 -97.058000
7414 -97.058000
7415 -97.058000
7415 -97.058000
7416 -97.058000
7416 -97.058000
7417 -97.058000
7417 -97.058000
7418 -97.058000
7418 -97.058000
7419 -97.058000
7419 -97.058000
7420 -97.058000
7420 -97.058000
7421 -97.058000
7421 -97.058000
7422 -97.058000
7422 -97.058000
7423 -97.058000
7423 -97.058000
7424 -97.058000
7424 -97.058000
7425 -97.058000
7425 -97.058000
7426 -97.058000
7426 -97.058000
7427 -97.058000
7427 -97.058000
7428 -97.058000
7428 -97.058000
7429 -97.058000
7429 -97.058000
7430 -97.058000
7430 -97.058000
7431 -97.058000
7431 -97.058000
7432 -97.058000
7432 -97.058000
7433 -97.058000
7433 -97.058000
7434 -97.058000
7434 -97.058000
7435 -97.058000
7435 -97.058000
7436 -97.058000
7436 -97.058000
7437 -97.058000
7437 -97.058000
7438 -97.058000
7438 -97.058000
7439 -97.058000
7439 -97.058000
7440 -97.058000
7440 -97.058000
7441 -97.058000
7441 -97.058000
7442 -97.058000
7442 -97.058000
7443 -97.058000
7443 -97.058000
7444 -97.058000
7444 -97.058000
7445 -97.058000
7445 -97.058000
7446 -97.058000
7446 -97.058000
7447 -97.058000
7447 -97.058000
7448 -97.058000
7448 -97.058000
7449 -97.058000
7449 -97.058000
7450 -97.058000
7450 -97.058000
7451 -97.058000
7451 -97.058000
7452 -97.058000
7452 -97.058000
7453 -97.058000
7453 -97.058000
7454 -97.058000
7454 -97.058000
7455 -97.058000
7455 -97.058000
7456 -97.058000
7456 -97.058000
7457 -97.058000
7457 -97.058000
7458 -97.058000
7458 -97.058000
7459 -97.058000
7459 -97.058000
7460 -97.058000
7460 -97.058000
7461 -97.058000
7461 -97.058000
7462 -97.058000
7462 -97.058000
7463 -97.058000
7463 -97.058000
7464 -97.058000
7464 -97.058000
7465 -97.058000
7465 -97.058000
7466 -97.058000
7466 -97.058000
7467 -97.058000
7467 -97.058000
7468 -97.058000
7468 -97.058000
7469 -97.058000
7469 -97.058000
7470 -97.058000
7470 -97.058000
7471 -97.058000
7471 -97.058000
7472 -97.058000
7472 -97.058000
7473 -97.058000
7473 -97.058000
7474 -97.058000
7474 -97.058000
7475 -97.058000
7475 -97.058000
7476 -97.058000
7476 -97.058000
7477 -97.058000
7477 -97.058000
7478 -97.058000
7478 -97.058000
7479 -97.058000
7479 -97.058000
7480 -97.058000
7480 -97.058000
7481 -97.058000
7481 -97.058000
7482 -97.058000
7482 -97.058000
7483 -97.058000
7483 -97.058000
7484 -97.058000
7484 -97.058000
7485 -97.058000
7485 -97.058000
7486 -97.058000
7486 -97.058000
7487 -97.058000
7487 -97.058000
7488 -97.058000
7488 -97.058000
7489 -97.058000
7489 -97.058000
7490 -97.058000
7490 -97.058000
7491 -97.058000
7491 -97.058000
7492 -97.058000
7492 -97.058000
7493 -97.058000
7493 -97.058000
7494 -97.058000
7494 -97.058000
7495 -97.058000
7495 -97.058000
7496 -97.058000
7496 -97.058000
7497 -97.058000
7497 -97.058000
7498 -97.058000
7498 -97.058000
7499 -97.058000
7499 -97.058000
7500 -97.058000
7500 -97.058000
7501 -97.058000
7501 -97.058000
7502 -97.058000
7502 -97.058000
7503 -97.058000
7503 -97.058000
7504 -97.058000
7504 -97.058000
7505 -97.058000
7505 -97.058000
7506 -97.058000
7506 -97.058000
7507 -97.058000
7507 -97.058000
7508 -97.058000
7508 -97.058000
7509 -97.058000
7509 -97.058000
7510 -97.058000
7510 -97.058000
7511 -97.058000
7511 -97.058000
7512 -97.058000
7512 -97.058000
7513 -97.058000
7513 -97.058000
7514 -97.058000
7514 -97.058000
7515 -97.058000
7515 -97.058000
7516 -97.058000
7516 -97.058000
7517 -97.058000
7517 -97.058000
7518 -97.058000
7518 -97.058000
7519 -97.058000
7519 -97.058000
7520 -97.058000
7520 -97.058000
7521 -97.058000
7521 -97.058000
7522 -97.058000
7522 -97.058000
7523 -97.058000
7523 -97.058000
7524 -97.058000
7524 -97.058000
7525 -97.058000
7525 -97.058000
7526 -97.058000
7526 -97.058000
7527 -97.058000
7527 -97.058000
7528 -97.058000
7528 -97.058000
7529 -97.058000
7529 -97.058000
7530 -97.058000
7530 -97.058000
7531 -97.058000
7531 -97.058000
7532 -97.058000
7532 -97.058000
7533 -97.058000
7533 -97.058000
7534 -97.058000
7534 -97.058000
7535 -97.058000
7535 -97.058000
7536 -97.058000
7536 -97.058000
7537 -97.058000
7537 -97.058000
7538 -97.058000
7538 -97.058000
7539 -97.058000
7539 -97.058000
7540 -97.058000
7540 -97.058000
7541 -97.058000
7541 -97.058000
7542 -97.058000
7542 -97.058000
7543 -97.058000
7543 -97.058000
7544 -97.058000
7544 -97.058000
7545 -97.058000
7545 -97.058000
7546 -97.058000
7546 -97.058000
7547 -97.058000
7547 -97.058000
7548 -97.058000
7548 -97.058000
7549 -97.058000
7549 -97.058000
7550 -97.058000
7550 -97.058000
7551 -97.058000
7551 -97.058000
7552 -97.058000
7552 -97.058000
7553 -97.058000
7553 -97.058000
7554 -97.058000
7554 -97.058000
7555 -97.058000
7555 -97.058000
7556 -97.058000
7556 -97.058000
7557 -97.058000
7557 -97.058000
7558 -97.058000
7558 -97.058000
7559 -97.058000
7559 -97.058000
7560 -97.058000
7560 -97.058000
7561 -97.058000
7561 -97.058000
7562 -97.058000
7562 -97.058000
7563 -97.058000
7563 -97.058000
7564 -97.058000
7564 -97.058000
7565 -97.058000
7565 -97.058000
7566 -97.058000
7566 -97.058000
7567 -97.058000
7567 -97.058000
7568 -97.058000
7568 -97.058000
7569 -97.058000
7569 -97.058000
7570 -97.058000
7570 -97.058000
7571 -97.058000
7571 -97.058000
7572 -97.058000
7572 -97.058000
7573 -97.058000
7573 -97.058000
7574 -97.058000
7574 -97.058000
7575 -97.058000
7575 -97.058000
7576 -97.058000
7576 -97.058000
7577 -97.058000
7577 -97.058000
7578 -97.058000
7578 -97.058000
7579 -97.058000
7579 -97.058000
7580 -97.058000
7580 -97.058000
7581 -97.058000
7581 -97.058000
7582 -97.058000
7582 -97.058000
7583 -97.058000
7583 -97.058000
7584 -97.058000
7584 -97.058000
7585 -97.058000
7585 -97.058000
7586 -97.058000
7586 -97.058000
7587 -97.058000
7587 -97.058000
7588 -97.058000
7588 -97.058000
7589 -97.058000
7589 -97.058000
7590 -97.058000
7590 -97.058000
7591 -97.058000
7591 -97.058000
7592 -97.058000
7592 -97.058000
7593 -97.058000
7593 -97.058000
7594 -97.058000
7594 -97.058000
7595 -97.058000
7595 -97.058000
7596 -97.058000
7596 -97.058000
7597 -97.058000
7597 -97.058000
7598 -97.058000
7598 -97.058000
7599 -97.058000
7599 -97.058000
7600 -97.058000
7600 -97.058000
7601 -97.058000
7601 -97.058000
7602 -97.058000
7602 -97.058000
7603 -97.058000
7603 -97.058000
7604 -97.058000
7604 -97.058000
7605 -97.058000
7605 -97.058000
7606 -97.058000
7606 -97.058000
7607 -97.058000
7607 -97.058000
7608 -97.058000
7608 -97.058000
7609 -97.058000
7609 -97.058000
7610 -97.058000
7610 -97.058000
7611 -97.058000
7611 -97.058000
7612 -97.058000
7612 -97.058000
7613 -97.058000
7613 -97.058000
7614 -97.058000
7614 -97.058000
7615 -97.058000
7615 -97.058000
7616 -97.058000
7616 -97.058000
7617 -97.058000
7617 -97.058000
7618 -97.058000
7618 -97.058000
7619 -97.058000
7619 -97.058000
7620 -97.058000
7620 -97.058000
7621 -97.058000
7621 -97.058000
7622 -97.058000
7622 -97.058000
7623 -97.058000
7623 -97.058000
7624 -97.058000
7624 -97.058000
7625 -97.058000
7625 -97.058000
7701 -97.058000
7701 -97.058000
7702 -97.058000
7702 -97.058000
7703 -97.058000
7703 -97.058000
7704 -97.058000
7704 -97.058000
7705 -97.058000
7705 -97.058000
7706 -97.058000
7706 -97.058000
7707 -97.058000
7707 -97.058000
7708 -97.058000
7708 -97.058000
7709 -97.058000
7709 -97.058000
7710 -97.058000
7710 -97.058000
7711 -97.058000
7711 -97.058000
7712 -97.058000
7712 -97.058000
7713 -97.058000
7713 -97.058000
7714 -97.058000
7714 -97.058000
7715 -97.058000
7715 -97.058000
7716 -97.058000
7716 -97.058000
7717 -97.058000
7717 -97.058000
7718 -97.058000
7718 -97.058000
7719 -97.058000
7719 -97.058000
7720 -97.058000
7720 -97.058000
7721 -97.058000
7721 -97.058000
7722 -97.058000
7722 -97.058000
7723 -97.058000
7723 -97.058000
7724 -97.058000
7724 -97.058000
7725 -97.058000
7725 -97.058000
7726 -97.058000
7726 -97.058000
7727 -97.058000
7727 -97.058000
7728 -97.058000
7728 -97.058000
7729 -97.058000
7729 -97.058000
7730 -97.058000
7730 -97.058000
7731 -97.058000
7731 -97.058000
7732 -97.058000
7732 -97.058000
7733 -97.058000
7733 -97.058000
7734 -97.058000
7734 -97.058000
7735 -97.058000
7735 -97.058000
7736 -97.058000
7736 -97.058000
7737 -97.058000
7737 -97.058000
7738 -97.058000
7738 -97.058000
7739 -97.058000
7739 -97.058000
7740 -97.058000
7740 -97.058000
7741 -97.058000
7741 -97.058000
7742 -97.058000
7742 -97.058000
7743 -97.058000
7743 -97.058000
7744 -97.058000
7744 -97.058000
7745 -97.058000
7745 -97.058000
7746 -97.058000
7746 -97.058000
7747 -97.058000
7747 -97.058000
7748 -97.058000
7748 -97.058000
7749 -97.058000
7749 -97.058000
7750 -97.058000
7750 -97.058000
7751 -97.058000
7751 -97.058000
7752 -97.058000
7752 -97.058000
7753 -97.058000
7753 -97.058000
7754 -97.058000
7754 -97.058000
7755 -97.058000
7755 -97.058000
7756 -97.058000
7756 -97.058000
7757 -97.058000
7757 -97.058000
7758 -97.058000
7758 -97.058000
7759 -97.058000
7759 -97.058000
7760 -97.058000
7760 -97.058000
7761 -97.058000
7761 -97.058000
7762 -97.058000
7762 -97.058000
7763 -97.058000
7763 -97.058000
7764 -97.058000
7764 -97.058000
7765 -97.058000
7765 -97.058000
7766 -97.058000
7766 -97.058000
7767 -97.058000
7767 -97.058000
7768 -97.058000
7768 -97.058000
7769 -97.058000
7769 -97.058000
7770 -97.058000
7770 -97.058000
7771 -97.058000
7771 -97.058000
7772 -97.058000
7772 -97.058000
7773 -97.058000
7773 -97.058000
7774 -97.058000
7774 -97.058000
7775 -97.058000
7775 -97.058000
7776 -97.058000
7776 -97.058000
7777 -97.058000
7777 -97.058000
7778 -97.058000
7778 -97.058000
7779 -97.058000
7779 -97.058000
7780 -97.058000
7780 -97.058000
7781 -97.058000
7781 -97.058000
7782 -97.058000
7782 -97.058000
7783 -97.058000
7783 -97.058000
7784 -97.058000
7784 -97.058000
7785 -97.058000
7785 -97.058000
7786 -97.058000
7786 -97.058000
7787 -97.058000
7787 -97.058000
7788 -97.058000
7788 -97.058000
7789 -97.058000
7789 -97.058000
7790 -97.058000
7790 -97.058000
7791 -97.058000
7791 -97.058000
7792 -97.058000
7792 -97.058000
7793 -97.058000
7793 -97.058000
7794 -97.058000
7794 -97.058000
7795 -97.058000
7795 -97.058000
7796 -97.058000
7796 -97.058000
7797 -97.058000
7797 -97.058000
7798 -97.058000
7798 -97.058000
7799 -97.058000
7799 -97.058000
7800 -97.058000
7800 -97.058000
7801 -97.058000
7801 -97.058000
7802 -97.058000
7802 -97.058000
7803 -97.058000
7803 -97.058000
7804 -97.058000
7804 -97.058000
7805 -97.058000
7805 -97.058000
7806 -97.058000
7806 -97.058000
7807 -97.058000
7807 -97.058000
7878 -97.058000
7878 -97.058000
7879 -97.058000
7879 -97.058000
7880 -97.058000
7880 -97.058000
7881 -97.058000
7881 -97.058000
7882 -97.058000
7882 -97.058000
7883 -97.058000
7883 -97.058000
7884 -97.058000
7884 -97.058000
7885 -97.058000
7885 -97.058000
7886 -97.058000
7886 -97.058000
7887 -97.058000
7887 -97.058000
7888 -97.058000
7888 -97.058000
7889 -97.058000
7889 -97.058000
7890 -97.058000
7890 -97.058000
7891 -97.058000
7891 -97.058000
7892 -97.058000
7892 -97.058000
7893 -97.058000
7893 -97.058000
7894 -97.058000
7894 -97.058000
7895 -97.058000
7895 -97.058000
7896 -97.058000
7896 -97.058000
7897 -97.058000
7897 -97.058000
7898 -97.058000
7898 -97.058000
7899 -97.058000
7899 -97.058000
7900 -97.058000
7900 -97.058000
7901 -97.058000
7901 -97.058000
7902 -97.058000
7902 -97.058000
7903 -97.058000
7903 -97.058000
7904 -97.058000
7904 -97.058000
7905 -97.058000
7905 -97.058000
7906 -97.058000
7906 -97.058000
7907 -97.058000
7907 -97.058000
7908 -97.058000
7908 -97.058000
7909 -97.058000
7909 -97.058000
7910 -97.058000
7910 -97.058000
7911 -97.058000
7911 -97.058000
7912 -97.058000
7912 -97.058000
7913 -97.058000
7913 -97.058000
8102 -97.058000
8102 -97.058000
8103 -97.058000
8103 -97.058000
8104 -97.058000
8104 -97.058000
8105 -97.058000
8105 -97.058000
8106 -97.058000
8106 -97.058000
8107 -97.058000
8107 -97.058000
8108 -97.058000
8108 -97.058000
8109 -97.058000
8109 -97.058000
8110 -97.058000
8110 -97.058000
8111 -97.058000
8111 -97.058000
8112 -97.058000
8112 -97.058000
8113 -97.058000
8113 -97.058000
8114 -97.058000
8114 -97.058000
8115 -97.058000
8115 -97.058000
8116 -97.058000
8116 -97.058000
8117 -97.058000
8117 -97.058000
8118 -97.058000
8118 -97.058000
8119 -97.058000
8119 -97.058000
8120 -97.058000
8120 -97.058000
8121 -97.058000
8121 -97.058000
8122 -97.058000
8122 -97.058000
8123 -97.058000
8123 -97.058000
8124 -97.058000
8124 -97.058000
8125 -97.058000
8125 -97.058000
8126 -97.058000
8126 -97.058000
8127 -97.058000
8127 -97.058000
8128 -97.058000
8128 -97.058000
8129 -97.058000
8129 -97.058000
8130 -97.058000
8130 -97.058000
8131 -97.058000
8131 -97.058000
8132 -97.058000
8132 -97.058000
8133 -97.058000
8133 -97.058000
8134 -97.058000
8134 -97.058000
8135 -97.058000
8135 -97.058000
8136 -97.058000
8136 -97.058000
8137 -97.058000
8137 -97.058000
8138 -97.058000
8138 -97.058000
8139 -97.058000
8139 -97.058000
8140 -97.058000
8140 -97.058000
8141 -97.058000
8141 -97.058000
8142 -97.058000
8142 -97.058000
8143 -97.058000
8143 -97.058000
8144 -97.058000
8144 -97.058000
8145 -97.058000
8145 -97.058000
8146 -97.058000
8146 -97.058000
8147 -97.058000
8147 -97.058000
8148 -97.058000
8148 -97.058000
8149 -97.058000
8149 -97.058000
8150 -97.058000
8150 -97.058000
8151 -97.058000
8151 -97.058000
8152 -97.058000
8152 -97.058000
8153 -97.058000
8153 -97.058000
8154 -97.058000
8154 -97.058000
8155 -97.058000
8155 -97.058000
8156 -97.058000
8156 -97.058000
8157 -97.058000
8157 -97.058000
8158 -97.058000
8158 -97.058000
8159 -97.058000
8159 -97.058000
8160 -97.058000
8160 -97.058000
8161 -97.058000
8161 -97.058000
8162 -97.058000
8162 -97.058000
8163 -97.058000
8163 -97.058000
8164 -97.058000
8164 -97.058000
8165 -97.058000
8165 -97.058000
8166 -97.058000
8166 -97.058000
8167 -97.058000
8167 -97.058000
8168 -97.058000
8168 -97.058000
8169 -97.058000
8169 -97.058000
8170 -97.058000
8170 -97.058000
8171 -97.058000
8171 -97.058000
8172 -97.058000
8172 -97.058000
8173 -97.058000
8173 -97.058000
8174 -97.058000
8174 -97.058000
8175 -97.058000
8175 -97.058000
8176 -97.058000
8176 -97.058000
8177 -97.058000
8177 -97.058000
8178 -97.058000
8178 -97.058000
8179 -97.058000
8179 -97.058000
8180 -97.058000
8180 -97.058000
8181 -97.058000
8181 -97.058000
8182 -97.058000
8182 -97.058000
8183 -97.058000
8183 -97.058000
8184 -97.058000
8184 -97.058000
8185 -97.058000
8185 -97.058000
8186 -97.058000
8186 -97.058000
8187 -97.058000
8187 -97.058000
8188 -97.058000
8188 -97.058000
8189 -97.058000
8189 -97.058000
8190 -97.058000
8190 -97.058000
8191 -97.058000
8191 -97.058000
8192 -97.058000
8192 -97.058000
8193 -97.058000
8193 -97.058000
8194 -97.058000
8194 -97.058000
8195 -97.058000
8195 -97.058000
8196 -97.058000
8196 -97.058000
8197 -97.058000
8197 -97.058000
8198 -97.058000
8198 -97.058000
8199 -97.058000
8199 -97.058000
8200 -97.058000
8200 -97.058000
8201 -97.058000
8201 -97.058000
8202 -97.058000
8202 -97.058000
8203 -97.058000
8203 -97.058000
8204 -97.058000
8204 -97.058000
8205 -97.058000
8205 -97.058000
8206 -97.058000
8206 -97.058000
8207 -97.058000
8207 -97.058000
8208 -97.058000
8208 -97.058000
8209 -97.058000
8209 -97.058000
8210 -97.058000
8210 -97.058000
8211 -97.058000
8211 -97.058000
8212 -97.058000
8212 -97.058000
8213 -97.058000
8213 -97.058000
8214 -97.058000
8214 -97.058000
8215 -97.058000
8215 -97.058000
8216 -97.058000
8216 -97.058000
8217 -97.058000
8217 -97.058000
8218 -97.058000
8218 -97.058000
8219 -97.058000
8219 -97.058000
8220 -97.058000
8220 -97.058000
8221 -97.058000
8221 -97.058000
8222 -97.058000
8222 -97.058000
8223 -97.058000
8223 -97.058000
8224 -97.058000
8224 -97.058000
8225 -97.058000
8225 -97.058000
8226 -97.058000
8226 -97.058000
8227 -97.058000
8227 -97.058000
8228 -97.058000
8228 -97.058000
8229 -97.058000
8229 -97.058000
8230 -97.058000
8230 -97.058000
8231 -97.058000
8231 -97.058000
8232 -97.058000
8232 -97.058000
8233 -97.058000
8233 -97.058000
8234 -97.058000
8234 -97.058000
8235 -97.058000
8235 -97.058000
8236 -97.058000
8236 -97.058000
8237 -97.058000
8237 -97.058000
8238 -97.058000
8238 -97.058000
8239 -97.058000
8239 -97.058000
8240 -97.058000
8240 -97.058000
8241 -97.058000
8241 -97.058000
8242 -97.058000
8242 -97.058000
8243 -97.058000
8243 -97.058000
8244 -97.058000
8244 -97.058000
8245 -97.058000
8245 -97.058000
8246 -97.058000
8246 -97.058000
8247 -97.058000
8247 -97.058000
8248 -97.058000
8248 -97.058000
8249 -97.058000
8249 -97.058000
8250 -97.058000
8250 -97.058000
8251 -97.058000
8251 -97.058000
8252 -97.058000
8252 -97.058000
8253 -97.058000
8253 -97.058000
8254 -97.058000
8254 -97.058000
8255 -97.058000
8255 -97.058000
8256 -97.058000
8256 -97.058000
8257 -97.058000
8257 -97.058000
8258 -97.058000
8258 -97.058000
8259 -97.058000
8259 -97.058000
8260 -97.058000
8260 -97.058000
8261 -97.058000
8261 -97.058000
8262 -97.058000
8262 -97.058000
8263 -97.058000
8263 -97.058000
8264 -97.058000
8264 -97.058000
8265 -97.058000
8265 -97.058000
8266 -97.058000
8266 -97.058000
8267 -97.058000
8267 -97.058000
8268 -97.058000
8268 -97.058000
8269 -97.058000
8269 -97.058000
8270 -97.058000
8270 -97.058000
8271 -97.058000
8271 -97.058000
8272 -97.058000
8272 -97.058000
8273 -97.058000
8273 -97.058000
8274 -97.058000
8274 -97.058000
8275 -97.058000
8275 -97.058000
8276 -97.058000
8276 -97.058000
8277 -97.058000
8277 -97.058000
8278 -97.058000
8278 -97.058000
8279 -97.058000
8279 -97.058000
8280 -97.058000
8280 -97.058000
8281 -97.058000
8281 -97.058000
8282 -97.058000
8282 -97.058000
8283 -97.058000
8283 -97.058000
8284 -97.058000
8284 -97.058000
8285 -97.058000
8285 -97.058000
8286 -97.058000
8286 -97.058000
8287 -97.058000
8287 -97.058000
8288 -97.058000
8288 -97.058000
8289 -97.058000
8289 -97.058000
8290 -97.058000
8290 -97.058000
8291 -97.058000
8291 -97.058000
8292 -97.058000
8292 -97.058000
8293 -97.058000
8293 -97.058000
8294 -97.058000
8294 -97.058000
8295 -97.058000
8295 -97.058000
8296 -97.058000
8296 -97.058000
8297 -97.058000
8297 -97.058000
8450 -97.058000
8450 -97.058000
8451 -97.058000
8451 -97.058000
8452 -97.058000
8452 -97.058000
8453 -97.058000
8453 -97.058000
8454 -97.058000
8454 -97.058000
8455 -97.058000
8455 -97.058000
8456 -97.058000
8456 -97.058000
8457 -97.058000
8457 -97.058000
8458 -97.058000
8458 -97.058000
8459 -97.058000
8459 -97.058000
8460 -97.058000
8460 -97.058000
8461 -97.058000
8461 -97.058000
8462 -97.058000
8462 -97.058000
8463 -97.058000
8463 -97.058000
8464 -97.058000
8464 -97.058000
8465 -97.058000
8465 -97.058000
8466 -97.058000
8466 -97.058000
8467 -97.058000
8467 -97.058000
8468 -97.058000
8468 -97.058000
8469 -97.058000
8469 -97.058000
8470 -97.058000
8470 -97.058000
8471 -97.058000
8471 -97.058000
8472 -97.058000
8472 -97.058000
8473 -97.058000
8473 -97.058000
8474 -97.058000
8474 -97.058000
8475 -97.058000
8475 -97.058000
8476 -97.058000
8476 -97.058000
8477 -97.058000
8477 -97.058000
8478 -97.058000
8478 -97.058000
8479 -97.058000
8479 -97.058000
8480 -97.058000
8480 -97.058000
8481 -97.058000
8481 -97.058000
8482 -97.058000
8482 -97.058000
8483 -97.058000
8483 -97.058000
8484 -97.058000
8484 -97.058000
8485 -97.058000
8485 -97.058000
8486 -97.058000
8486 -97.058000
8487 -97.058000
8487 -97.058000
8488 -97.058000
8488 -97.058000
8489 -97.058000
8489 -97.058000
8490 -97.058000
8490 -97.058000
8491 -97.058000
8491 -97.058000
8492 -97.058000
8492 -97.058000
8493 -97.058000
8493 -97.058000
8494 -97.058000
8494 -97.058000
8495 -97.058000
8495 -97.058000
8496 -97.058000
8496 -97.058000
8497 -97.058000
8497 -97.058000
8498 -97.058000
8498 -97.058000
8499 -97.058000
8499 -97.058000
8500 -97.058000
8500 -97.058000
8501 -97.058000
8501 -97.058000
8502 -97.058000
8502 -97.058000
8503 -97.058000
8503 -97.058000
8504 -97.058000
8504 -97.058000
8505 -97.058000
8505 -97.058000
8506 -97.058000
8506 -97.058000
8507 -97.058000
8507 -97.058000
8508 -97.058000
8508 -97.058000
8509 -97.058000
8509 -97.058000
8510 -97.058000
8510 -97.058000
8511 -97.058000
8511 -97.058000
8512 -97.058000
8512 -97.058000
8513 -97.058000
8513 -97.058000
8514 -97.058000
8514 -97.058000
8515 -97.058000
8515 -97.058000
8516 -97.058000
8516 -97.058000
8517 -97.058000
8517 -97.058000
8518 -97.058000
8518 -97.058000
8519 -97.058000
8519 -97.058000
8520 -97.058000
8520 -97.058000
8521 -97.058000
8521 -97.058000
8522 -97.058000
8522 -97.058000
8523 -97.058000
8523 -97.058000
8524 -97.058000
8524 -97.058000
8525 -97.058000
8525 -97.058000
8526 -97.058000
8526 -97.058000
8527 -97.058000
8527 -97.058000
8528 -97.058000
8528 -97.058000
8529 -97.058000
8529 -97.058000
8530 -97.058000
8530 -97.058000
8531 -97.058000
8531 -97.058000
8532 -97.058000
8532 -97.058000
8533 -97.058000
8533 -97.058000
8534 -97.058000
8534 -97.058000
8535 -97.058000
8535 -97.058000
8536 -97.058000
8536 -97.058000
8537 -97.058000
8537 -97.058000
8538 -97.058000
8538 -97.058000
8539 -97.058000
8539 -97.058000
8540 -97.058000
8540 -97.058000
8541 -97.058000
8541 -97.058000
8542 -97.058000
8542 -97.058000
8543 -97.058000
8543 -97.058000
8544 -97.058000
8544 -97.058000
8545 -97.058000
8545 -97.058000
8546 -97.058000
8546 -97.058000
8547 -97.058000
8547 -97.058000
8548 -97.058000
8548 -97.058000
8549 -97.058000
8549 -97.058000
8550 -97.058000
8550 -97.058000
8551 -97.058000
8551 -97.058000
8552 -97.058000
8552 -97.058000
8553 -97.058000
8553 -97.058000
8554 -97.058000
8554 -97.058000
8555 -97.058000
8555 -97.058000
8556 -97.058000
8556 -97.058000
8557 -97.058000
8557 -97.058000
8558 -97.058000
8558 -97.058000
8559 -97.058000
8559 -97.058000
8560 -97.058000
8560 -97.058000
8561 -97.058000
8561 -97.058000
8562 -97.058000
8562 -97.058000
8563 -97.058000
8563 -97.058000
8564 -97.058000
8564 -97.058000
8565 -97.058000
8565 -97.058000
8566 -97.058000
8566 -97.058000
8567 -97.058000
8567 -97.058000
8568 -97.058000
8568 -97.058000
8622 -97.058000
8622 -97.058000
8623 -97.058000
8623 -97.058000
8624 -97.058000
8624 -97.058000
8625 -97.058000
8625 -97.058000
8626 -97.058000
8626 -97.058000
8627 -97.058000
8627 -97.058000
8628 -97.058000
8628 -97.058000
8629 -97.058000
8629 -97.058000
8630 -97.058000
8630 -97.058000
8631 -97.058000
8631 -97.058000
8632 -97.058000
8632 -97.058000
8633 -97.058000
8633 -97.058000
8634 -97.058000
8634 -97.058000
8635 -97.058000
8635 -97.058000
8636 -97.058000
8636 -97.058000
8637 -97.058000
8637 -97.058000
8638 -97.058000
8638 -97.058000
8639 -97.058000
8639 -97.058000
8640 -97.058000
8640 -97.058000
8641 -97.058000
8641 -97.058000
8642 -97.058000
8642 -97.058000
8643 -97.058000
8643 -97.058000
8644 -97.058000
8644 -97.058000
8645 -97.058000
8645 -97.058000
8646 -97.058000
8646 -97.058000
8647 -97.058000
8647 -97.058000
8648 -97.058000
8648 -97.058000
8649 -97.058000
8649 -97.058000
8650 -97.058000
8650 -97.058000
8651 -97.058000
8651 -97.058000
8652 -97.058000
8652 -97.058000
8653 -97.058000
8653 -97.058000
8654 -97.058000
8654 -97.058000
8655 -97.058000
8655 -97.058000
8656 -97.058000
8656 -97.058000
8657 -97.058000
8657 -97.058000
8658 -97.058000
8658 -97.058000
8659 -97.058000
8659 -97.058000
8660 -97.058000
8660 -97.058000
8661 -97.058000
8661 -97.058000
8662 -97.058000
8662 -97.058000
8663 -97.058000
8663 -97.058000
8664 -97.058000
8664 -97.058000
8665 -97.058000
8665 -97.058000
8666 -97.058000
8666 -97.058000
8667 -97.058000
8667 -97.058000
8668 -97.058000
8668 -97.058000
8669 -97.058000
8669 -97.058000
8670 -97.058000
8670 -97.058000
8671 -97.058000
8671 -97.058000
8672 -97.058000
8672 -97.058000
8673 -97.058000
8673 -97.058000
8674 -97.058000
8674 -97.058000
8675 -97.058000
8675 -97.058000
8676 -97.058000
8676 -97.058000
8677 -97.058000
8677 -97.058000
8678 -97.058000
8678 -97.058000
8679 -97.058000
8679 -97.058000
8680 -97.058000
8680 -97.058000
8681 -97.058000
8681 -97.058000
8682 -97.058000
8682 -97.058000
8683 -97.058000
8683 -97.058000
8684 -97.058000
8684 -97.058000
8685 -97.058000
8685 -97.058000
8686 -97.058000
8686 -97.058000
8687 -97.058000
8687 -97.058000
8688 -97.058000
8688 -97.058000
8689 -97.058000
8689 -97.058000
8690 -97.058000
8690 -97.058000
8691 -97.058000
8691 -97.058000
8692 -97.058000
8692 -97.058000
8693 -97.058000
8693 -97.058000
8694 -97.058000
8694 -97.058000
8695 -97.058000
8695 -97.058000
8696 -97.058000
8696 -97.058000
8697 -97.058000
8697 -97.058000
8698 -97.058000
8698 -97.058000
8699 -97.058000
8699 -97.058000
8700 -97.058000
8700 -97.058000
8701 -97.058000
8701 -97.058000
8702 -97.058000
8702 -97.058000
8703 -97.058000
8703 -97.058000
8704 -97.058000
8704 -97.058000
8705 -97.058000
8705 -97.058000
8706 -97.058000
8706 -97.058000
8707 -97.058000
8707 -97.058000
8708 -97.058000
8708 -97.058000
8709 -97.058000
8709 -97.058000
8710 -97.058000
8710 -97.058000
8711 -97.058000
8711 -97.058000
8712 -97.058000
8712 -97.058000
8713 -97.058000
8713 -97.058000
8714 -97.058000
8714 -97.058000
8715 -97.058000
8715 -97.058000
8716 -97.058000
8716 -97.058000
8717 -97.058000
8717 -97.058000
8718 -97.058000
8718 -97.058000
8719 -97.058000
8719 -97.058000
8720 -97.058000
8720 -97.058000
8721 -97.058000
8721 -97.058000
8722 -97.058000
8722 -97.058000
8723 -97.058000
8723 -97.058000
8724 -97.058000
8724 -97.058000
8725 -97.058000
8725 -97.058000
8726 -97.058000
8726 -97.058000
8727 -97.058000
8727 -97.058000
8728 -97.058000
8728 -97.058000
8729 -97.058000
8729 -97.058000
8730 -97.058000
8730 -97.058000
8731 -97.058000
8731 -97.058000
8732 -97.058000
8732 -97.058000
8733 -97.058000
8733 -97.058000
8734 -97.058000
8734 -97.058000
8735 -97.058000
8735 -97.058000
8736 -97.058000
8736 -97.058000
8737 -97.058000
8737 -97.058000
8738 -97.058000
8738 -97.058000
8739 -97.058000
8739 -97.058000
8740 -97.058000
8740 -97.058000
8741 -97.058000
8741 -97.058000
8742 -97.058000
8742 -97.058000
8743 -97.058000
8743 -97.058000
8744 -97.058000
8744 -97.058000
8745 -97.058000
8745 -97.058000
8746 -97.058000
8746 -97.058000
8747 -97.058000
8747 -97.058000
8748 -97.058000
8748 -97.058000
8749 -97.058000
8749 -97.058000
8750 -97.058000
8750 -97.058000
8751 -97.058000
8751 -97.058000
8752 -97.058000
8752 -97.058000
8753 -97.058000
8753 -97.058000
8754 -97.058000
8754 -97.058000
8755 -97.058000
8755 -97.058000
8756 -97.058000
8756 -97.058000
8757 -97.058000
8757 -97.058000
8758 -97.058000
8758 -97.058000
8759 -97.058000
8759 -97.058000
8760 -97.058000
8760 -97.058000
8761 -97.058000
8761 -97.058000
8762 -97.058000
8762 -97.058000
8763 -97.058000
8763 -97.058000
8764 -97.058000
8764 -97.058000
8765 -97.058000
8765 -97.058000
8766 -97.058000
8766 -97.058000
8767 -97.058000
8767 -97.058000
8768 -97.058000
8768 -97.058000
8769 -97.058000
8769 -97.058000
8770 -97.058000
8770 -97.058000
8771 -97.058000
8771 -97.058000
8772 -97.058000
8772 -97.058000
8773 -97.058000
8773 -97.058000
8774 -97.058000
8774 -97.058000
8775 -97.058000
8775 -97.058000
8776 -97.058000
8776 -97.058000
8777 -97.058000
8777 -97.058000
8778 -97.058000
8778 -97.058000
8779 -97.058000
8779 -97.058000
8780 -97.058000
8780 -97.058000
8781 -97.058000
8781 -97.058000
8782 -97.058000
8782 -97.058000
8783 -97.058000
8783 -97.058000
8784 -97.058000
8784 -97.058000
8785 -97.058000
8785 -97.058000
8786 -97.058000
8786 -97.058000
8787 -97.058000
8787 -97.058000
8788 -97.058000
8788 -97.058000
8789 -97.058000
8789 -97.058000
8790 -97.058000
8790 -97.058000
8791 -97.058000
8791 -97.058000
8792 -97.058000
8792 -97.058000
8793 -97.058000
8793 -97.058000
8794 -97.058000
8794 -97.058000
8795 -97.058000
8795 -97.058000
8796 -97.058000
8796 -97.058000
8797 -97.058000
8797 -97.058000
8798 -97.058000
8798 -97.058000
8799 -97.058000
8799 -97.058000
8800 -97.058000
8800 -97.058000
8801 -97.058000
8801 -97.058000
8802 -97.058000
8802 -97.058000
8803 -97.058000
8803 -97.058000
8804 -97.058000
8804 -97.058000
8805 -97.058000
8805 -97.058000
8806 -97.058000
8806 -97.058000
8807 -97.058000
8807 -97.058000
8808 -97.058000
8808 -97.058000
8809 -97.058000
8809 -97.058000
8810 -97.058000
8810 -97.058000
8811 -97.058000
8811 -97.058000
8812 -97.058000
8812 -97.058000
8813 -97.058000
8813 -97.058000
8814 -97.058000
8814 -97.058000
8815 -97.058000
8815 -97.058000
8816 -97.058000
8816 -97.058000
8817 -97.058000
8817 -97.058000
8818 -97.058000
8818 -97.058000
8819 -97.058000
8819 -97.058000
8820 -97.058000
8820 -97.058000
8821 -97.058000
8821 -97.058000
8822 -97.058000
8822 -97.058000
8823 -97.058000
8823 -97.058000
8824 -97.058000
8824 -97.058000
8825 -97.058000
8825 -97.058000
8826 -97.058000
8826 -97.058000
8827 -97.058000
8827 -97.058000
8828 -97.058000
8828 -97.058000
8829 -97.058000
8829 -97.058000
8830 -97.058000
8830 -97.058000
8831 -97.058000
8831 -97.058000
8832 -97.058000
8832 -97.058000
8833 -97.058000
8833 -97.058000
8834 -97.058000
8834 -97.058000
8835 -97.058000
8835 -97.058000
8836 -97.058000
8836 -97.058000
8837 -97.058000
8837 -97.058000
8838 -97.058000
8838 -97.058000
8839 -97.058000
8839 -97.058000
8840 -97.058000
8840 -97.058000
8841 -97.058000
8841 -97.058000
8842 -97.058000
8842 -97.058000
8843 -97.058000
8843 -97.058000
8844 -97.058000
8844 -97.058000
8845 -97.058000
8845 -97.058000
8846 -97.058000
8846 -97.058000
8847 -97.058000
8847 -97.058000
8848 -97.058000
8848 -97.058000
8849 -97.058000
8849 -97.058000
8850 -97.058000
8850 -97.058000
8851 -97.058000
8851 -97.058000
8852 -97.058000
8852 -97.058000
8853 -97.058000
8853 -97.058000
8854 -97.058000
8854 -97.058000
8855 -97.058000
8855 -97.058000
8856 -97.058000
8856 -97.058000
8857 -97.058000
8857 -97.058000
8858 -97.058000
8858 -97.058000
8859 -97.058000
8859 -97.058000
8860 -97.058000
8860 -97.058000
8861 -97.058000
8861 -97.058000
8862 -97.058000
8862 -97.058000
8863 -97.058000
8863 -97.058000
8864 -97.058000
8864 -97.058000
8865 -97.058000
8865 -97.058000
8866 -97.058000
8866 -97.058000
8867 -97.058000
8867 -97.058000
8868 -97.058000
8868 -97.058000
8869 -97.058000
8869 -97.058000
8870 -97.058000
8870 -97.058000
8871 -97.058000
8871 -97.058000
8872 -97.058000
8872 -97.058000
8873 -97.058000
8873 -97.058000
8874 -97.058000
8874 -97.058000
8875 -97.058000
8875 -97.058000
8876 -97.058000
8876 -97.058000
8877 -97.058000
8877 -97.058000
8878 -97.058000
8878 -97.058000
8879 -97.058000
8879 -97.058000
8880 -97.058000
8880 -97.058000
8881 -97.058000
8881 -97.058000
8882 -97.058000
8882 -97.058000
8883 -97.058000
8883 -97.058000
8884 -97.058000
8884 -97.058000
8885 -97.058000
8885 -97.058000
8886 -97.058000
8886 -97.058000
8887 -97.058000
8887 -97.058000
8888 -97.058000
8888 -97.058000
8889 -97.058000
8889 -97.058000
8890 -97.058000
8890 -97.058000
8891 -97.058000
8891 -97.058000
8892 -97.058000
8892 -97.058000
8893 -97.058000
8893 -97.058000
8894 -97.058000
8894 -97.058000
8895 -97.058000
8895 -97.058000
8896 -97.058000
8896 -97.058000
8897 -97.058000
8897 -97.058000
8898 -97.058000
8898 -97.058000
8899 -97.058000
8899 -97.058000
8900 -97.058000
8900 -97.058000
8901 -97.058000
8901 -97.058000
8902 -97.058000
8902 -97.058000
8903 -97.058000
8903 -97.058000
8904 -97.058000
8904 -97.058000
8905 -97.058000
8905 -97.058000
8906 -97.058000
8906 -97.058000
8907 -97.058000
8907 -97.058000
8908 -97.058000
8908 -97.058000
8909 -97.058000
8909 -97.058000
8910 -97.058000
8910 -97.058000
8911 -97.058000
8911 -97.058000
8912 -97.058000
8912 -97.058000
8913 -97.058000
8913 -97.058000
8914 -97.058000
8914 -97.058000
8915 -97.058000
8915 -97.058000
8916 -97.058000
8916 -97.058000
8917 -97.058000
8917 -97.058000
8918 -97.058000
8918 -97.058000
8919 -97.058000
8919 -97.058000
8920 -97.058000
8920 -97.058000
8921 -97.058000
8921 -97.058000
8922 -97.058000
8922 -97.058000
8923 -97.058000
8923 -97.058000
8924 -97.058000
8924 -97.058000
8925 -97.058000
8925 -97.058000
8926 -97.058000
8926 -97.058000
8927 -97.058000
8927 -97.058000
8928 -97.058000
8928 -97.058000
8929 -97.058000
8929 -97.058000
8930 -97.058000
8930 -97.058000
8931 -97.058000
8931 -97.058000
8932 -97.058000
8932 -97.058000
8933 -97.058000
8933 -97.058000
8934 -97.058000
8934 -97.058000
8935 -97.058000
8935 -97.058000
8936 -97.058000
8936 -97.058000
8937 -97.058000
8937 -97.058000
8938 -97.058000
8938 -97.058000
8939 -97.058000
8939 -97.058000
8940 -97.058000
8940 -97.058000
8941 -97.058000
8941 -97.058000
8942 -97.058000
8942 -97.058000
8943 -97.058000
8943 -97.058000
8944 -97.058000
8944 -97.058000
8945 -97.058000
8945 -97.058000
8946 -97.058000
8946 -97.058000
8947 -97.058000
8947 -97.058000
8948 -97.058000
8948 -97.058000
8949 -97.058000
8949 -97.058000
8950 -97.058000
8950 -97.058000
8951 -97.058000
8951 -97.058000
8952 -97.058000
8952 -97.058000
8953 -97.058000
8953 -97.058000
8954 -97.058000
8954 -97.058000
8955 -97.058000
8955 -97.058000
8956 -97.058000
8956 -97.058000
8957 -97.058000
8957 -97.058000
8958 -97.058000
8958 -97.058000
8959 -97.058000
8959 -97.058000
8960 -97.058000
8960 -97.058000
8961 -97.058000
8961 -97.058000
8962 -97.058000
8962 -97.058000
8963 -97.058000
8963 -97.058000
8964 -97.058000
8964 -97.058000
8965 -97.058000
8965 -97.058000
8966 -97.058000
8966 -97.058000
8967 -97.058000
8967 -97.058000
8968 -97.058000
8968 -97.058000
8969 -97.058000
8969 -97.058000
8970 -97.058000
8970 -97.058000
8971 -97.058000
8971 -97.058000
8972 -97.058000
8972 -97.058000
8973 -97.058000
8973 -97.058000
8974 -97.058000
8974 -97.058000
8975 -97.058000
8975 -97.058000
8976 -97.058000
8976 -97.058000
8977 -97.058000
8977 -97.058000
8978 -97.058000
8978 -97.058000
8979 -97.058000
8979 -97.058000
8980 -97.058000
8980 -97.058000
8981 -97.058000
8981 -97.058000
8982 -97.058000
8982 -97.058000
8983 -97.058000
8983 -97.058000
8984 -97.058000
8984 -97.058000
8985 -97.058000
8985 -97.058000
8986 -97.058000
8986 -97.058000
8987 -97.058000
8987 -97.058000
8988 -97.058000
8988 -97.058000
8989 -97.058000
8989 -97.058000
8990 -97.058000
8990 -97.058000
8991 -97.058000
8991 -97.058000
8992 -97.058000
8992 -97.058000
8993 -97.058000
8993 -97.058000
8994 -97.058000
8994 -97.058000
8995 -97.058000
8995 -97.058000
8996 -97.058000
8996 -97.058000
8997 -97.058000
8997 -97.058000
8998 -97.058000
8998 -97.058000
8999 -97.058000
8999 -97.058000
9000 -97.058000
9000 -97.058000
9001 -97.058000
9001 -97.058000
9002 -97.058000
9002 -97.058000
9003 -97.058000
9003 -97.058000
9004 -97.058000
9004 -97.058000
9005 -97.058000
9005 -97.058000
9006 -97.058000
9006 -97.058000
9007 -97.058000
9007 -97.058000
9008 -97.058000
9008 -97.058000
9009 -97.058000
9009 -97.058000
9010 -97.058000
9010 -97.058000
9011 -97.058000
9011 -97.058000
9012 -97.058000
9012 -97.058000
9013 -97.058000
9013 -97.058000
9014 -97.058000
9014 -97.058000
9015 -97.058000
9015 -97.058000
9016 -97.058000
9016 -97.058000
9017 -97.058000
9017 -97.058000
9018 -97.058000
9018 -97.058000
9019 -97.058000
9019 -97.058000
9020 -97.058000
9020 -97.058000
9021 -97.058000
9021 -97.058000
9022 -97.058000
9022 -97.058000
9023 -97.058000
9023 -97.058000
9024 -97.058000
9024 -97.058000
9025 -97.058000
9025 -97.058000
9026 -97.058000
9026 -97.058000
9027 -97.058000
9027 -97.058000
9028 -97.058000
9028 -97.058000
9029 -97.058000
9029 -97.058000
9030 -97.058000
9030 -97.058000
9031 -97.058000
9031 -97.058000
9032 -97.058000
9032 -97.058000
9033 -97.058000
9033 -97.058000
9034 -97.058000
9034 -97.058000
9035 -97.058000
9035 -97.058000
9036 -97.058000
9036 -97.058000
9037 -97.058000
9037 -97.058000
9038 -97.058000
9038 -97.058000
9039 -97.058000
9039 -97.058000
9040 -97.058000
9040 -97.058000
9041 -97.058000
9041 -97.058000
9042 -97.058000
9042 -97.058000
9043 -97.058000
9043 -97.058000
9044 -97.058000
9044 -97.058000
9045 -97.058000
9045 -97.058000
9046 -97.058000
9046 -97.058000
9047 -97.058000
9047 -97.058000
9048 -97.058000
9048 -97.058000
9049 -97.058000
9049 -97.058000
9050 -97.058000
9050 -97.058000
9051 -97.058000
9051 -97.058000
9052 -97.058000
9052 -97.058000
9053 -97.058000
9053 -97.058000
9054 -97.058000
9054 -97.058000
9055 -97.058000
9055 -97.058000
9056 -97.058000
9056 -97.058000
9057 -97.058000
9057 -97.058000
9058 -97.058000
9058 -97.058000
9059 -97.058000
9059 -97.058000
9060 -97.058000
9060 -97.058000
9061 -97.058000
9061 -97.058000
9062 -97.058000
9062 -97.058000
9063 -97.058000
9063 -97.058000
9064 -97.058000
9064 -97.058000
9065 -97.058000
9065 -97.058000
9066 -97.058000
9066 -97.058000
9067 -97.058000
9067 -97.058000
9068 -97.058000
9068 -97.058000
9069 -97.058000
9069 -97.058000
9070 -97.058000
9070 -97.058000
9071 -97.058000
9071 -97.058000
9072 -97.058000
9072 -97.058000
9073 -97.058000
9073 -97.058000
9074 -97.058000
9074 -97.058000
9075 -97.058000
9075 -97.058000
9076 -97.058000
9076 -97.058000
9077 -97.058000
9077 -97.058000
9078 -97.058000
9078 -97.058000
9079 -97.058000
9079 -97.058000
9080 -97.058000
9080 -97.058000
9081 -97.058000
9081 -97.058000
9082 -97.058000
9082 -97.058000
9083 -97.058000
9083 -97.058000
9084 -97.058000
9084 -97.058000
9085 -97.058000
9085 -97.058000
9086 -97.058000
9086 -97.058000
9087 -97.058000
9087 -97.058000
9088 -97.058000
9088 -97.058000
9089 -97.058000
9089 -97.058000
9090 -97.058000
9090 -97.058000
9091 -97.058000
9091 -97.058000
9092 -97.058000
9092 -97.058000
9093 -97.058000
9093 -97.058000
9094 -97.058000
9094 -97.058000
9095 -97.058000
9095 -97.058000
9096 -97.058000
9096 -97.058000
9097 -97.058000
9097 -97.058000
9098 -97.058000
9098 -97.058000
9099 -97.058000
9099 -97.058000
9100 -97.058000
9100 -97.058000
9101 -97.058000
9101 -97.058000
9102 -97.058000
9102 -97.058000
9103 -97.058000
9103 -97.058000
9104 -97.058000
9104 -97.058000
9105 -97.058000
9105 -97.058000
9106 -97.058000
9106 -97.058000
9107 -97.058000
9107 -97.058000
9108 -97.058000
9108 -97.058000
9109 -97.058000
9109 -97.058000
9110 -97.058000
9110 -97.058000
9111 -97.058000
9111 -97.058000
9112 -97.058000
9112 -97.058000
9113 -97.058000
9113 -97.058000
9114 -97.058000
9114 -97.058000
9115 -97.058000
9115 -97.058000
9116 -97.058000
9116 -97.058000
9117 -97.058000
9117 -97.058000
9118 -97.058000
9118 -97.058000
9119 -97.058000
9119 -97.058000
9120 -97.058000
9120 -97.058000
9121 -97.058000
9121 -97.058000
9122 -97.058000
9122 -97.058000
9123 -97.058000
9123 -97.058000
9124 -97.058000
9124 -97.058000
9125 -97.058000
9125 -97.058000
9126 -97.058000
9126 -97.058000
9127 -97.058000
9127 -97.058000
9128 -97.058000
9128 -97.058000
9129 -97.058000
9129 -97.058000
9130 -97.058000
9130 -97.058000
9131 -97.058000
9131 -97.058000
9132 -97.058000
9132 -97.058000
9133 -97.058000
9133 -97.058000
9134 -97.058000
9134 -97.058000
9135 -97.058000
9135 -97.058000
9136 -97.058000
9136 -97.058000
9137 -97.058000
9137 -97.058000
9138 -97.058000
9138 -97.058000
9139 -97.058000
9139 -97.058000
9140 -97.058000
9140 -97.058000
9141 -97.058000
9141 -97.058000
9142 -97.058000
9142 -97.058000
9143 -97.058000
9143 -97.058000
9144 -97.058000
9144 -97.058000
9145 -97.058000
9145 -97.058000
9146 -97.058000
9146 -97.058000
9147 -97.058000
9147 -97.058000
9148 -97.058000
9148 -97.058000
9149 -97.058000
9149 -97.058000
9150 -97.058000
9150 -97.058000
9151 -97.058000
9151 -97.058000
9152 -97.058000
9152 -97.058000
9153 -97.058000
9153 -97.058000
9154 -97.058000
9154 -97.058000
9155 -97.058000
9155 -97.058000
9156 -97.058000
9156 -97.058000
9157 -97.058000
9157 -97.058000
9158 -97.058000
9158 -97.058000
9159 -97.058000
9159 -97.058000
9160 -97.058000
9160 -97.058000
9161 -97.058000
9161 -97.058000
9162 -97.058000
9162 -97.058000
9163 -97.058000
9163 -97.058000
9164 -97.058000
9164 -97.058000
9165 -97.058000
9165 -97.058000
9166 -97.058000
9166 -97.058000
9167 -97.058000
9167 -97.058000
9168 -97.058000
9168 -97.058000
9169 -97.058000
9169 -97.058000
9170 -97.058000
9170 -97.058000
9171 -97.058000
9171 -97.058000
9172 -97.058000
9172 -97.058000
9173 -97.058000
9173 -97.058000
9174 -97.058000
9174 -97.058000
9175 -97.058000
9175 -97.058000
9176 -97.058000
9176 -97.058000
9177 -97.058000
9177 -97.058000
9178 -97.058000
9178 -97.058000
9179 -97.058000
9179 -97.058000
9180 -97.058000
9180 -97.058000
9181 -97.058000
9181 -97.058000
9182 -97.058000
9182 -97.058000
9183 -97.058000
9183 -97.058000
9184 -97.058000
9184 -97.058000
9185 -97.058000
9185 -97.058000
9186 -97.058000
9186 -97.058000
9187 -97.058000
9187 -97.058000
9188 -97.058000
9188 -97.058000
9189 -97.058000
9189 -97.058000
9190 -97.058000
9190 -97.058000
9191 -97.058000
9191 -97.058000
9192 -97.058000
9192 -97.058000
9193 -97.058000
9193 -97.058000
9194 -97.058000
9194 -97.058000
9195 -97.058000
9195 -97.058000
9196 -97.058000
9196 -97.058000
9197 -97.058000
9197 -97.058000
9198 -97.058000
9198 -97.058000
9199 -97.058000
9199 -97.058000
9200 -97.058000
9200 -97.058000
9201 -97.058000
9201 -97.058000
9202 -97.058000
9202 -97.058000
9203 -97.058000
9203 -97.058000
9204 -97.058000
9204 -97.058000
9205 -97.058000
9205 -97.058000
9206 -97.058000
9206 -97.058000
9207 -97.058000
9207 -97.058000
9208 -97.058000
9208 -97.058000
9209 -97.058000
9209 -97.058000
9210 -97.058000
9210 -97.058000
9211 -97.058000
9211 -97.058000
9212 -97.058000
9212 -97.058000
9213 -97.058000
9213 -97.058000
9214 -97.058000
9214 -97.058000
9215 -97.058000
9215 -97.058000
9216 -97.058000
9216 -97.058000
9217 -97.058000
9217 -97.058000
9218 -97.058000
9218 -97.058000
9219 -97.058000
9219 -97.058000
9220 -97.058000
9220 -97.058000
9221 -97.058000
9221 -97.058000
9222 -97.058000
9222 -97.058000
9223 -97.058000
9223 -97.058000
9224 -97.058000
9224 -97.058000
9225 -97.058000
9225 -97.058000
9226 -97.058000
9226 -97.058000
9227 -97.058000
9227 -97.058000
9228 -97.058000
9228 -97.058000
9229 -97.058000
9229 -97.058000
9230 -97.058000
9230 -97.058000
9231 -97.058000
9231 -97.058000
9232 -97.058000
9232 -97.058000
9233 -97.058000
9233 -97.058000
9234 -97.058000
9234 -97.058000
9752 -97.662000
9752 -97.662000
9753 -97.662000
9753 -97.662000
9754 -97.662000
9754 -97.662000
9755 -97.662000
9755 -97.662000
9756 -97.662000
9756 -97.662000
9830 -97.662000
9830 -97.662000
9831 -97.662000
9831 -97.662000
9832 -97.662000
9832 -97.662000
9833 -97.662000
9833 -97.662000
9834 -97.662000
9834 -97.662000
9835 -97.662000
9835 -97.662000
9836 -97.662000
9836 -97.662000
9837 -97.662000
9837 -97.662000
9838 -97.662000
9838 -97.662000
9839 -97.662000
9839 -97.662000
9840 -97.662000
9840 -97.662000
9841 -97.662000
9841 -97.662000
9842 -97.662000
9842 -97.662000
9843 -97.662000
9843 -97.662000
9844 -97.662000
9844 -97.662000
9845 -97.662000
9845 -97.662000
9846 -97.662000
9846 -97.662000
9847 -97.662000
9847 -97.662000
9848 -97.662000
9848 -97.662000
9849 -97.662000
9849 -97.662000
9850 -97.662000
9850 -97.662000
9851 -97.662000
9851 -97.662000
9852 -97.662000
9852 -97.662000
9853 -97.662000
9853 -97.662000
9854 -97.662000
9854 -97.662000
9855 -97.662000
9855 -97.662000
9856 -97.662000
9856 -97.662000
9857 -97.662000
9857 -97.662000
9858 -97.662000
9858 -97.662000
9859 -97.662000
9859 -97.662000
9860 -97.662000
9860 -97.662000
9861 -97.662000
9861 -97.662000
9862 -97.662000
9862 -97.662000
9863 -97.662000
9863 -97.662000
9864 -97.662000
9864 -97.662000
9865 -97.662000
9865 -97.662000
9866 -97.662000
9866 -97.662000
9867 -97.662000
9867 -97.662000
9868 -97.662000
9868 -97.662000
9869 -97.662000
9869 -97.662000
9870 -97.662000
9870 -97.662000
9871 -97.662000
9871 -97.662000
9872 -97.662000
9872 -97.662000
9873 -97.662000
9873 -97.662000
9874 -97.662000
9874 -97.662000
9875 -97.662000
9875 -97.662000
9876 -97.662000
9876 -97.662000
9877 -97.662000
9877 -97.662000
9878 -97.662000
9878 -97.662000
9879 -97.662000
9879 -97.662000
9880 -97.662000
9880 -97.662000
9881 -97.662000
9881 -97.662000
9882 -97.662000
9882 -97.662000
9883 -97.662000
9883 -97.662000
9884 -97.662000
9884 -97.662000
9885 -97.662000
9885 -97.662000
9886 -97.662000
9886 -97.662000
9887 -97.662000
9887 -97.662000
9888 -97.662000
9888 -97.662000
9889 -97.662000
9889 -97.662000
9890 -97.662000
9890 -97.662000
9891 -97.662000
9891 -97.662000
9892 -97.662000
9892 -97.662000
9893 -97.662000
9893 -97.662000
9894 -97.662000
9894 -97.662000
9895 -97.662000
9895 -97.662000
9896 -97.662000
9896 -97.662000
9897 -97.662000
9897 -97.662000
9898 -97.662000
9898 -97.662000
9899 -97.662000
9899 -97.662000
9900 -97.662000
9900 -97.662000
9901 -97.662000
9901 -97.662000
9902 -97.662000
9902 -97.662000
9903 -97.662000
9903 -97.662000
9904 -97.662000
9904 -97.662000
9905 -97.662000
9905 -97.662000
9906 -97.662000
9906 -97.662000
9907 -97.662000
9907 -97.662000
9908 -97.662000
9908 -97.662000
9909 -97.662000
9909 -97.662000
9910 -97.662000
9910 -97.662000
9911 -97.662000
9911 -97.662000
9912 -97.662000
9912 -97.662000
9913 -97.662000
9913 -97.662000
9914 -97.662000
9914 -97.662000
9915 -97.662000
9915 -97.662000
9916 -97.662000
9916 -97.662000
9917 -97.662000
9917 -97.662000
9918 -97.662000
9918 -97.662000
9919 -97.662000
9919 -97.662000
9920 -97.662000
9920 -97.662000
9921 -97.662000
9921 -97.662000
9922 -97.662000
9922 -97.662000
9923 -97.662000
9923 -97.662000
9924 -97.662000
9924 -97.662000
9925 -97.662000
9925 -97.662000
9926 -97.662000
9926 -97.662000
9927 -97.662000
9927 -97.662000
9928 -97.662000
9928 -97.662000
9929 -97.662000
9929 -97.662000
9930 -97.662000
9930 -97.662000
9931 -97.662000
9931 -97.662000
9932 -97.662000
9932 -97.662000
9933 -97.662000
9933 -97.662000
9934 -97.662000
9934 -97.662000
9935 -97.662000
9935 -97.662000
9936 -97.662000
9936 -97.662000
9937 -97.662000
9937 -97.662000
9938 -97.662000
9938 -97.662000
9939 -97.662000
9939 -97.662000
9940 -97.662000
9940 -97.662000
9941 -97.662000
9941 -97.662000
9942 -97.662000
9942 -97.662000
9943 -97.662000
9943 -97.662000
9944 -97.662000
9944 -97.662000
9945 -97.662000
9945 -97.662000
9946 -97.662000
9946 -97.662000
9947 -97.662000
9947 -97.662000
9948 -97.662000
9948 -97.662000
9949 -97.662000
9949 -97.662000
9950 -97.662000
9950 -97.662000
9951 -97.662000
9951 -97.662000
9952 -97.662000
9952 -97.662000
9953 -97.662000
9953 -97.662000
9954 -97.662000
9954 -97.662000
9955 -97.662000
9955 -97.662000
9956 -97.662000
9956 -97.662000
9957 -97.662000
9957 -97.662000
9958 -97.662000
9958 -97.662000
9959 -97.662000
9959 -97.662000
9960 -97.662000
9960 -97.662000
9961 -97.662000
9961 -97.662000
9962 -97.662000
9962 -97.662000
9963 -97.662000
9963 -97.662000
9964 -97.662000
9964 -97.662000
9965 -97.662000
9965 -97.662000
9966 -97.662000
9966 -97.662000
9967 -97.662000
9967 -97.662000
9968 -97.662000
9968 -97.662000
9969 -97.662000
9969 -97.662000
9970 -97.662000
9970 -97.662000
9971 -97.662000
9971 -97.662000
9972 -97.662000
9972 -97.662000
9973 -97.662000
9973 -97.662000
9974 -97.662000
9974 -97.662000
9975 -97.662000
9975 -97.662000
9976 -97.662000
9976 -97.662000
9977 -97.662000
9977 -97.662000
9978 -97.662000
9978 -97.662000
9979 -97.662000
9979 -97.662000
9980 -97.662000
9980 -97.662000
9981 -97.662000
9981 -97.662000
9982 -97.662000
9982 -97.662000
9983 -97.662000
9983 -97.662000
9984 -97.662000
9984 -97.662000
9985 -97.662000
9985 -97.662000
9986 -97.662000
9986 -97.662000
9987 -97.662000
9987 -97.662000
9988 -97.662000
9988 -97.662000
9989 -97.662000
9989 -97.662000
9990 -97.662000
9990 -97.662000
9991 -97.662000
9991 -97.662000
9992 -97.662000
9992 -97.662000
9993 -97.662000
9993 -97.662000
9994 -97.662000
9994 -97.662000
9995 -97.662000
9995 -97.662000
9996 -97.662000
9996 -97.662000
9997 -97.662000
9997 -97.662000
9998 -97.662000
9998 -97.662000
9999 -97.662000
9999 -97.662000
