G0: 10.000000, Gf: 0.000100, Ep0: 0.100000, Epf: 1.000000,                 P: 60, T: 0.004558, steps: 10000
8981 -98.266000
8981 -98.266000
8982 -98.266000
8982 -98.266000
8983 -98.266000
8983 -98.266000
8984 -98.266000
8984 -98.266000
8985 -98.266000
8985 -98.266000
8986 -98.266000
8986 -98.266000
8987 -98.266000
8987 -98.266000
8988 -98.266000
8988 -98.266000
8989 -98.266000
8989 -98.266000
8990 -98.266000
8990 -98.266000
8991 -98.266000
8991 -98.266000
8992 -98.266000
8992 -98.266000
8993 -98.266000
8993 -98.266000
8994 -98.266000
8994 -98.266000
8995 -98.266000
8995 -98.266000
8996 -98.266000
8996 -98.266000
8997 -98.266000
8997 -98.266000
8998 -98.266000
8998 -98.266000
8999 -98.266000
8999 -98.266000
9000 -98.266000
9000 -98.266000
9001 -98.266000
9001 -98.266000
9002 -98.266000
9002 -98.266000
9003 -98.266000
9003 -98.266000
9004 -98.266000
9004 -98.266000
9005 -98.266000
9005 -98.266000
9006 -98.266000
9006 -98.266000
9007 -98.266000
9007 -98.266000
9008 -98.266000
9008 -98.266000
9009 -98.266000
9009 -98.266000
9010 -98.266000
9010 -98.266000
9011 -98.266000
9011 -98.266000
9012 -98.266000
9012 -98.266000
9013 -98.266000
9013 -98.266000
9014 -98.266000
9014 -98.266000
9015 -98.266000
9015 -98.266000
9016 -98.266000
9016 -98.266000
9017 -98.266000
9017 -98.266000
9018 -98.266000
9018 -98.266000
9019 -98.266000
9019 -98.266000
9020 -98.266000
9020 -98.266000
9021 -98.266000
9021 -98.266000
9022 -98.266000
9022 -98.266000
9023 -98.266000
9023 -98.266000
9024 -98.266000
9024 -98.266000
9025 -98.266000
9025 -98.266000
9026 -98.266000
9026 -98.266000
9027 -98.266000
9027 -98.266000
9028 -98.266000
9028 -98.266000
9029 -98.266000
9029 -98.266000
9030 -98.266000
9030 -98.266000
9031 -98.266000
9031 -98.266000
9032 -98.266000
9032 -98.266000
9033 -98.266000
9033 -98.266000
9034 -98.266000
9034 -98.266000
9035 -98.266000
9035 -98.266000
9036 -98.266000
9036 -98.266000
9037 -98.266000
9037 -98.266000
9038 -98.266000
9038 -98.266000
9039 -98.266000
9039 -98.266000
9040 -98.266000
9040 -98.266000
9041 -98.266000
9041 -98.266000
9042 -98.266000
9042 -98.266000
9043 -98.266000
9043 -98.266000
9044 -98.266000
9044 -98.266000
9045 -98.266000
9045 -98.266000
9046 -98.266000
9046 -98.266000
9047 -98.266000
9047 -98.266000
9048 -98.266000
9048 -98.266000
9049 -98.266000
9049 -98.266000
9050 -98.266000
9050 -98.266000
9051 -98.266000
9051 -98.266000
9052 -98.266000
9052 -98.266000
9053 -98.266000
9053 -98.266000
9054 -98.266000
9054 -98.266000
9055 -98.266000
9055 -98.266000
9056 -98.266000
9056 -98.266000
9057 -98.266000
9057 -98.266000
9058 -98.266000
9058 -98.266000
9059 -98.266000
9059 -98.266000
9060 -98.266000
9060 -98.266000
9061 -98.266000
9061 -98.266000
9062 -98.266000
9062 -98.266000
9063 -98.266000
9063 -98.266000
9064 -98.266000
9064 -98.266000
9065 -98.266000
9065 -98.266000
9066 -98.266000
9066 -98.266000
9067 -98.266000
9067 -98.266000
9068 -98.266000
9068 -98.266000
9069 -98.266000
9069 -98.266000
9070 -98.266000
9070 -98.266000
9071 -98.266000
9071 -98.266000
9072 -98.266000
9072 -98.266000
9073 -98.266000
9073 -98.266000
9074 -98.266000
9074 -98.266000
9075 -98.266000
9075 -98.266000
9076 -98.266000
9076 -98.266000
9077 -98.266000
9077 -98.266000
9078 -98.266000
9078 -98.266000
9079 -98.266000
9079 -98.266000
9080 -98.266000
9080 -98.266000
9081 -98.266000
9081 -98.266000
9082 -98.266000
9082 -98.266000
9083 -98.266000
9083 -98.266000
9084 -98.266000
9084 -98.266000
9085 -98.266000
9085 -98.266000
9086 -98.266000
9086 -98.266000
9087 -98.266000
9087 -98.266000
9088 -98.266000
9088 -98.266000
9089 -98.266000
9089 -98.266000
9090 -98.266000
9090 -98.266000
9091 -98.266000
9091 -98.266000
9092 -98.266000
9092 -98.266000
9093 -98.266000
9093 -98.266000
9094 -98.266000
9094 -98.266000
9095 -98.266000
9095 -98.266000
9096 -98.266000
9096 -98.266000
9097 -98.266000
9097 -98.266000
9098 -98.266000
9098 -98.266000
9099 -98.266000
9099 -98.266000
9100 -98.266000
9100 -98.266000
9101 -98.266000
9101 -98.266000
9102 -98.266000
9102 -98.266000
9103 -98.266000
9103 -98.266000
9104 -98.266000
9104 -98.266000
9105 -98.266000
9105 -98.266000
9106 -98.266000
9106 -98.266000
9107 -98.266000
9107 -98.266000
9108 -98.266000
9108 -98.266000
9109 -98.266000
9109 -98.266000
9110 -98.266000
9110 -98.266000
9111 -98.266000
9111 -98.266000
9112 -98.266000
9112 -98.266000
9113 -98.266000
9113 -98.266000
9114 -98.266000
9114 -98.266000
9115 -98.266000
9115 -98.266000
9116 -98.266000
9116 -98.266000
9117 -98.266000
9117 -98.266000
9118 -98.266000
9118 -98.266000
9119 -98.266000
9119 -98.266000
9120 -98.266000
9120 -98.266000
9121 -98.266000
9121 -98.266000
9122 -98.266000
9122 -98.266000
9123 -98.266000
9123 -98.266000
9124 -98.266000
9124 -98.266000
9125 -98.266000
9125 -98.266000
9126 -98.266000
9126 -98.266000
9127 -98.266000
9127 -98.266000
9128 -98.266000
9128 -98.266000
9129 -98.266000
9129 -98.266000
9130 -98.266000
9130 -98.266000
9131 -98.266000
9131 -98.266000
9132 -98.266000
9132 -98.266000
9133 -98.266000
9133 -98.266000
9134 -98.266000
9134 -98.266000
9135 -98.266000
9135 -98.266000
9136 -98.266000
9136 -98.266000
9137 -98.266000
9137 -98.266000
9138 -98.266000
9138 -98.266000
9139 -98.266000
9139 -98.266000
9140 -98.266000
9140 -98.266000
9141 -98.266000
9141 -98.266000
9142 -98.266000
9142 -98.266000
9143 -98.266000
9143 -98.266000
9144 -98.266000
9144 -98.266000
9145 -98.266000
9145 -98.266000
9146 -98.266000
9146 -98.266000
9147 -98.266000
9147 -98.266000
9148 -98.266000
9148 -98.266000
9149 -98.266000
9149 -98.266000
9150 -98.266000
9150 -98.266000
9151 -98.266000
9151 -98.266000
9152 -98.266000
9152 -98.266000
9153 -98.266000
9153 -98.266000
9154 -98.266000
9154 -98.266000
9155 -98.266000
9155 -98.266000
9156 -98.266000
9156 -98.266000
9157 -98.266000
9157 -98.266000
9158 -98.266000
9158 -98.266000
9159 -98.266000
9159 -98.266000
9160 -98.266000
9160 -98.266000
9161 -98.266000
9161 -98.266000
9162 -98.266000
9162 -98.266000
9163 -98.266000
9163 -98.266000
9164 -98.266000
9164 -98.266000
9165 -98.266000
9165 -98.266000
9166 -98.266000
9166 -98.266000
9167 -98.266000
9167 -98.266000
9168 -98.266000
9168 -98.266000
9169 -98.266000
9169 -98.266000
9170 -98.266000
9170 -98.266000
9171 -98.266000
9171 -98.266000
9172 -98.266000
9172 -98.266000
9173 -98.266000
9173 -98.266000
9174 -98.266000
9174 -98.266000
9175 -98.266000
9175 -98.266000
9176 -98.266000
9176 -98.266000
9177 -98.266000
9177 -98.266000
9178 -98.266000
9178 -98.266000
9179 -98.266000
9179 -98.266000
9180 -98.266000
9180 -98.266000
9181 -98.266000
9181 -98.266000
9182 -98.266000
9182 -98.266000
9183 -98.266000
9183 -98.266000
9184 -98.266000
9184 -98.266000
9185 -98.266000
9185 -98.266000
9186 -98.266000
9186 -98.266000
9187 -98.266000
9187 -98.266000
9188 -98.266000
9188 -98.266000
9189 -98.266000
9189 -98.266000
9190 -98.266000
9190 -98.266000
9191 -98.266000
9191 -98.266000
9192 -98.266000
9192 -98.266000
9193 -98.266000
9193 -98.266000
9194 -98.266000
9194 -98.266000
9195 -98.266000
9195 -98.266000
9196 -98.266000
9196 -98.266000
9197 -98.266000
9197 -98.266000
9198 -98.266000
9198 -98.266000
9199 -98.266000
9199 -98.266000
9200 -98.266000
9200 -98.266000
9201 -98.266000
9201 -98.266000
9202 -98.266000
9202 -98.266000
9203 -98.266000
9203 -98.266000
9204 -98.266000
9204 -98.266000
9205 -98.266000
9205 -98.266000
9206 -98.266000
9206 -98.266000
9207 -98.266000
9207 -98.266000
9208 -98.266000
9208 -98.266000
9209 -98.266000
9209 -98.266000
9210 -98.266000
9210 -98.266000
9211 -98.266000
9211 -98.266000
9212 -98.266000
9212 -98.266000
9213 -98.266000
9213 -98.266000
9214 -98.266000
9214 -98.266000
9215 -98.266000
9215 -98.266000
9216 -98.266000
9216 -98.266000
9217 -98.266000
9217 -98.266000
9218 -98.266000
9218 -98.266000
9219 -98.266000
9219 -98.266000
9220 -98.266000
9220 -98.266000
9221 -98.266000
9221 -98.266000
9222 -98.266000
9222 -98.266000
9223 -98.266000
9223 -98.266000
9224 -98.266000
9224 -98.266000
9225 -98.266000
9225 -98.266000
9226 -98.266000
9226 -98.266000
9227 -98.266000
9227 -98.266000
9228 -98.266000
9228 -98.266000
9229 -98.266000
9229 -98.266000
9230 -98.266000
9230 -98.266000
9231 -98.266000
9231 -98.266000
9232 -98.266000
9232 -98.266000
9233 -98.266000
9233 -98.266000
9234 -98.266000
9234 -98.266000
9235 -98.266000
9235 -98.266000
9236 -98.266000
9236 -98.266000
9237 -98.266000
9237 -98.266000
9238 -98.266000
9238 -98.266000
9239 -98.266000
9239 -98.266000
9240 -98.266000
9240 -98.266000
9241 -98.266000
9241 -98.266000
9242 -98.266000
9242 -98.266000
9243 -98.266000
9243 -98.266000
9244 -98.266000
9244 -98.266000
9245 -98.266000
9245 -98.266000
9246 -98.266000
9246 -98.266000
9247 -98.266000
9247 -98.266000
9248 -98.266000
9248 -98.266000
9249 -98.266000
9249 -98.266000
9250 -98.266000
9250 -98.266000
9251 -98.266000
9251 -98.266000
9252 -98.266000
9252 -98.266000
9253 -98.266000
9253 -98.266000
9254 -98.266000
9254 -98.266000
9255 -98.266000
9255 -98.266000
9256 -98.266000
9256 -98.266000
9257 -98.266000
9257 -98.266000
9258 -98.266000
9258 -98.266000
9259 -98.266000
9259 -98.266000
9260 -98.266000
9260 -98.266000
9261 -98.266000
9261 -98.266000
9262 -98.266000
9262 -98.266000
9263 -98.266000
9263 -98.266000
9264 -98.266000
9264 -98.266000
9265 -98.266000
9265 -98.266000
9266 -98.266000
9266 -98.266000
9267 -98.266000
9267 -98.266000
9268 -98.266000
9268 -98.266000
9269 -98.266000
9269 -98.266000
9270 -98.266000
9270 -98.266000
9271 -98.266000
9271 -98.266000
9272 -98.266000
9272 -98.266000
9273 -98.266000
9273 -98.266000
9274 -98.266000
9274 -98.266000
9275 -98.266000
9275 -98.266000
9276 -98.266000
9276 -98.266000
9277 -98.266000
9277 -98.266000
9278 -98.266000
9278 -98.266000
9279 -98.266000
9279 -98.266000
9280 -98.266000
9280 -98.266000
9281 -98.266000
9281 -98.266000
9282 -98.266000
9282 -98.266000
9283 -98.266000
9283 -98.266000
9284 -98.266000
9284 -98.266000
9285 -98.266000
9285 -98.266000
9286 -98.266000
9286 -98.266000
9287 -98.266000
9287 -98.266000
9288 -98.266000
9288 -98.266000
9289 -98.266000
9289 -98.266000
9290 -98.266000
9290 -98.266000
9291 -98.266000
9291 -98.266000
9292 -98.266000
9292 -98.266000
9293 -98.266000
9293 -98.266000
9294 -98.266000
9294 -98.266000
9295 -98.266000
9295 -98.266000
9296 -98.266000
9296 -98.266000
9297 -98.266000
9297 -98.266000
9298 -98.266000
9298 -98.266000
9299 -98.266000
9299 -98.266000
9300 -98.266000
9300 -98.266000
9301 -98.266000
9301 -98.266000
9302 -98.266000
9302 -98.266000
9303 -98.266000
9303 -98.266000
9304 -98.266000
9304 -98.266000
9305 -98.266000
9305 -98.266000
9306 -98.266000
9306 -98.266000
9307 -98.266000
9307 -98.266000
9308 -98.266000
9308 -98.266000
9309 -98.266000
9309 -98.266000
9310 -98.266000
9310 -98.266000
9311 -98.266000
9311 -98.266000
9312 -98.266000
9312 -98.266000
9313 -98.266000
9313 -98.266000
9314 -98.266000
9314 -98.266000
9315 -98.266000
9315 -98.266000
9316 -98.266000
9316 -98.266000
9317 -98.266000
9317 -98.266000
9318 -98.266000
9318 -98.266000
9319 -98.266000
9319 -98.266000
9320 -98.266000
9320 -98.266000
9321 -98.266000
9321 -98.266000
9322 -98.266000
9322 -98.266000
9323 -98.266000
9323 -98.266000
9324 -98.266000
9324 -98.266000
9325 -98.266000
9325 -98.266000
9326 -98.266000
9326 -98.266000
9327 -98.266000
9327 -98.266000
9328 -98.266000
9328 -98.266000
9329 -98.266000
9329 -98.266000
9330 -98.266000
9330 -98.266000
9331 -98.266000
9331 -98.266000
9332 -98.266000
9332 -98.266000
9333 -98.266000
9333 -98.266000
9334 -98.266000
9334 -98.266000
9335 -98.266000
9335 -98.266000
9336 -98.266000
9336 -98.266000
9337 -98.266000
9337 -98.266000
9338 -98.266000
9338 -98.266000
9339 -98.266000
9339 -98.266000
9340 -98.266000
9340 -98.266000
9341 -98.266000
9341 -98.266000
9342 -98.266000
9342 -98.266000
9343 -98.266000
9343 -98.266000
9344 -98.266000
9344 -98.266000
9345 -98.266000
9345 -98.266000
9346 -98.266000
9346 -98.266000
9347 -98.266000
9347 -98.266000
9348 -98.266000
9348 -98.266000
9349 -98.266000
9349 -98.266000
9350 -98.266000
9350 -98.266000
9351 -98.266000
9351 -98.266000
9352 -98.266000
9352 -98.266000
9353 -98.266000
9353 -98.266000
9354 -98.266000
9354 -98.266000
9355 -98.266000
9355 -98.266000
9356 -98.266000
9356 -98.266000
9357 -98.266000
9357 -98.266000
9358 -98.266000
9358 -98.266000
9359 -98.266000
9359 -98.266000
9360 -98.266000
9360 -98.266000
9361 -98.266000
9361 -98.266000
9362 -98.266000
9362 -98.266000
9363 -98.266000
9363 -98.266000
9364 -98.266000
9364 -98.266000
9365 -98.266000
9365 -98.266000
9366 -98.266000
9366 -98.266000
9367 -98.266000
9367 -98.266000
9368 -98.266000
9368 -98.266000
9369 -98.266000
9369 -98.266000
9370 -98.266000
9370 -98.266000
9371 -98.266000
9371 -98.266000
9372 -98.266000
9372 -98.266000
9373 -98.266000
9373 -98.266000
9374 -98.266000
9374 -98.266000
9375 -98.266000
9375 -98.266000
9376 -98.266000
9376 -98.266000
9377 -98.266000
9377 -98.266000
9378 -98.266000
9378 -98.266000
9379 -98.266000
9379 -98.266000
9380 -98.266000
9380 -98.266000
9381 -98.266000
9381 -98.266000
9382 -98.266000
9382 -98.266000
9383 -98.266000
9383 -98.266000
9384 -98.266000
9384 -98.266000
9385 -98.266000
9385 -98.266000
9386 -98.266000
9386 -98.266000
9387 -98.266000
9387 -98.266000
9388 -98.266000
9388 -98.266000
9389 -98.266000
9389 -98.266000
9390 -98.266000
9390 -98.266000
9391 -98.266000
9391 -98.266000
9392 -98.266000
9392 -98.266000
9393 -98.266000
9393 -98.266000
9394 -98.266000
9394 -98.266000
9395 -98.266000
9395 -98.266000
9396 -98.266000
9396 -98.266000
9397 -98.266000
9397 -98.266000
9398 -98.266000
9398 -98.266000
9399 -98.266000
9399 -98.266000
9400 -98.266000
9400 -98.266000
9401 -98.266000
9401 -98.266000
9402 -98.266000
9402 -98.266000
9403 -98.266000
9403 -98.266000
9404 -98.266000
9404 -98.266000
9405 -98.266000
9405 -98.266000
9406 -98.266000
9406 -98.266000
9407 -98.266000
9407 -98.266000
9408 -98.266000
9408 -98.266000
9409 -98.266000
9409 -98.266000
9410 -98.266000
9410 -98.266000
9411 -98.266000
9411 -98.266000
9412 -98.266000
9412 -98.266000
9413 -98.266000
9413 -98.266000
9414 -98.266000
9414 -98.266000
9415 -98.266000
9415 -98.266000
9416 -98.266000
9416 -98.266000
9417 -98.266000
9417 -98.266000
9418 -98.266000
9418 -98.266000
9419 -98.266000
9419 -98.266000
9420 -98.266000
9420 -98.266000
9421 -98.266000
9421 -98.266000
9422 -98.266000
9422 -98.266000
9423 -98.266000
9423 -98.266000
9424 -98.266000
9424 -98.266000
9425 -98.266000
9425 -98.266000
9426 -98.266000
9426 -98.266000
9427 -98.266000
9427 -98.266000
9428 -98.266000
9428 -98.266000
9429 -98.266000
9429 -98.266000
9430 -98.266000
9430 -98.266000
9431 -98.266000
9431 -98.266000
9432 -98.266000
9432 -98.266000
9433 -98.266000
9433 -98.266000
9434 -98.266000
9434 -98.266000
9435 -98.266000
9435 -98.266000
9436 -98.266000
9436 -98.266000
9437 -98.266000
9437 -98.266000
9438 -98.266000
9438 -98.266000
9439 -98.266000
9439 -98.266000
9440 -98.266000
9440 -98.266000
9441 -98.266000
9441 -98.266000
9442 -98.266000
9442 -98.266000
9443 -98.266000
9443 -98.266000
9444 -98.266000
9444 -98.266000
9445 -98.266000
9445 -98.266000
9446 -98.266000
9446 -98.266000
9447 -98.266000
9447 -98.266000
9448 -98.266000
9448 -98.266000
9449 -98.266000
9449 -98.266000
9450 -98.266000
9450 -98.266000
9451 -98.266000
9451 -98.266000
9452 -98.266000
9452 -98.266000
9453 -98.266000
9453 -98.266000
9454 -98.266000
9454 -98.266000
9455 -98.266000
9455 -98.266000
9456 -98.266000
9456 -98.266000
9457 -98.266000
9457 -98.266000
9458 -98.266000
9458 -98.266000
9459 -98.266000
9459 -98.266000
9460 -98.266000
9460 -98.266000
9461 -98.266000
9461 -98.266000
9462 -98.266000
9462 -98.266000
9463 -98.266000
9463 -98.266000
9464 -98.266000
9464 -98.266000
9465 -98.266000
9465 -98.266000
9466 -98.266000
9466 -98.266000
9467 -98.266000
9467 -98.266000
9468 -98.266000
9468 -98.266000
9469 -98.266000
9469 -98.266000
9470 -98.266000
9470 -98.266000
9471 -98.266000
9471 -98.266000
9472 -98.266000
9472 -98.266000
9473 -98.266000
9473 -98.266000
9474 -98.266000
9474 -98.266000
9475 -98.266000
9475 -98.266000
9476 -98.266000
9476 -98.266000
9477 -98.266000
9477 -98.266000
9478 -98.266000
9478 -98.266000
9479 -98.266000
9479 -98.266000
9480 -98.266000
9480 -98.266000
9481 -98.266000
9481 -98.266000
9482 -98.266000
9482 -98.266000
9483 -98.266000
9483 -98.266000
9484 -98.266000
9484 -98.266000
9485 -98.266000
9485 -98.266000
9486 -98.266000
9486 -98.266000
9487 -98.266000
9487 -98.266000
9488 -98.266000
9488 -98.266000
9489 -98.266000
9489 -98.266000
9490 -98.266000
9490 -98.266000
9491 -98.266000
9491 -98.266000
9492 -98.266000
9492 -98.266000
9493 -98.266000
9493 -98.266000
9494 -98.266000
9494 -98.266000
9495 -98.266000
9495 -98.266000
9496 -98.266000
9496 -98.266000
9497 -98.266000
9497 -98.266000
9498 -98.266000
9498 -98.266000
9499 -98.266000
9499 -98.266000
9500 -98.266000
9500 -98.266000
9501 -98.266000
9501 -98.266000
9502 -98.266000
9502 -98.266000
9503 -98.266000
9503 -98.266000
9504 -98.266000
9504 -98.266000
9505 -98.266000
9505 -98.266000
9506 -98.266000
9506 -98.266000
9507 -98.266000
9507 -98.266000
9508 -98.266000
9508 -98.266000
9509 -98.266000
9509 -98.266000
9510 -98.266000
9510 -98.266000
9511 -98.266000
9511 -98.266000
9512 -98.266000
9512 -98.266000
9513 -98.266000
9513 -98.266000
9514 -98.266000
9514 -98.266000
9515 -98.266000
9515 -98.266000
9516 -98.266000
9516 -98.266000
9517 -98.266000
9517 -98.266000
9518 -98.266000
9518 -98.266000
9519 -98.266000
9519 -98.266000
9520 -98.266000
9520 -98.266000
9521 -98.266000
9521 -98.266000
9522 -98.266000
9522 -98.266000
9523 -98.266000
9523 -98.266000
9524 -98.266000
9524 -98.266000
9525 -98.266000
9525 -98.266000
9526 -98.266000
9526 -98.266000
9527 -98.266000
9527 -98.266000
9528 -98.266000
9528 -98.266000
9529 -98.266000
9529 -98.266000
9530 -98.266000
9530 -98.266000
9531 -98.266000
9531 -98.266000
9532 -98.266000
9532 -98.266000
9533 -98.266000
9533 -98.266000
9534 -98.266000
9534 -98.266000
9535 -98.266000
9535 -98.266000
9536 -98.266000
9536 -98.266000
9537 -98.266000
9537 -98.266000
9538 -98.266000
9538 -98.266000
9539 -98.266000
9539 -98.266000
9540 -98.266000
9540 -98.266000
9541 -98.266000
9541 -98.266000
9542 -98.266000
9542 -98.266000
9543 -98.266000
9543 -98.266000
9544 -98.266000
9544 -98.266000
9545 -98.266000
9545 -98.266000
9546 -98.266000
9546 -98.266000
9547 -98.266000
9547 -98.266000
9548 -98.266000
9548 -98.266000
9549 -98.266000
9549 -98.266000
9550 -98.266000
9550 -98.266000
9551 -98.266000
9551 -98.266000
9552 -98.266000
9552 -98.266000
9553 -98.266000
9553 -98.266000
9554 -98.266000
9554 -98.266000
9555 -98.266000
9555 -98.266000
9556 -98.266000
9556 -98.266000
9557 -98.266000
9557 -98.266000
9558 -98.266000
9558 -98.266000
9559 -98.266000
9559 -98.266000
9560 -98.266000
9560 -98.266000
9561 -98.266000
9561 -98.266000
9562 -98.266000
9562 -98.266000
9563 -98.266000
9563 -98.266000
9564 -98.266000
9564 -98.266000
9565 -98.266000
9565 -98.266000
9566 -98.266000
9566 -98.266000
9567 -98.266000
9567 -98.266000
9568 -98.266000
9568 -98.266000
9569 -98.266000
9569 -98.266000
9570 -98.266000
9570 -98.266000
9571 -98.266000
9571 -98.266000
9572 -98.266000
9572 -98.266000
9573 -98.266000
9573 -98.266000
9574 -98.266000
9574 -98.266000
9575 -98.266000
9575 -98.266000
9576 -98.266000
9576 -98.266000
9577 -98.266000
9577 -98.266000
9578 -98.266000
9578 -98.266000
9579 -98.266000
9579 -98.266000
9580 -98.266000
9580 -98.266000
9581 -98.266000
9581 -98.266000
9582 -98.266000
9582 -98.266000
9583 -98.266000
9583 -98.266000
9584 -98.266000
9584 -98.266000
9585 -98.266000
9585 -98.266000
9586 -98.266000
9586 -98.266000
9587 -98.266000
9587 -98.266000
9588 -98.266000
9588 -98.266000
9589 -98.266000
9589 -98.266000
9590 -98.266000
9590 -98.266000
9591 -98.266000
9591 -98.266000
9592 -98.266000
9592 -98.266000
9593 -98.266000
9593 -98.266000
9594 -98.266000
9594 -98.266000
9595 -98.266000
9595 -98.266000
9596 -98.266000
9596 -98.266000
9597 -98.266000
9597 -98.266000
9598 -98.266000
9598 -98.266000
9599 -98.266000
9599 -98.266000
9600 -98.266000
9600 -98.266000
9601 -98.266000
9601 -98.266000
9602 -98.266000
9602 -98.266000
9603 -98.266000
9603 -98.266000
9604 -98.266000
9604 -98.266000
9605 -98.266000
9605 -98.266000
9606 -98.266000
9606 -98.266000
9607 -98.266000
9607 -98.266000
9608 -98.266000
9608 -98.266000
9609 -98.266000
9609 -98.266000
9610 -98.266000
9610 -98.266000
9611 -98.266000
9611 -98.266000
9612 -98.266000
9612 -98.266000
9613 -98.266000
9613 -98.266000
9614 -98.266000
9614 -98.266000
9615 -98.266000
9615 -98.266000
9616 -98.266000
9616 -98.266000
9617 -98.266000
9617 -98.266000
9618 -98.266000
9618 -98.266000
9619 -98.266000
9619 -98.266000
9620 -98.266000
9620 -98.266000
9621 -98.266000
9621 -98.266000
9622 -98.266000
9622 -98.266000
9623 -98.266000
9623 -98.266000
9624 -98.266000
9624 -98.266000
9625 -98.266000
9625 -98.266000
9626 -98.266000
9626 -98.266000
9627 -98.266000
9627 -98.266000
9628 -98.266000
9628 -98.266000
9629 -98.266000
9629 -98.266000
9630 -98.266000
9630 -98.266000
9631 -98.266000
9631 -98.266000
9632 -98.266000
9632 -98.266000
9633 -98.266000
9633 -98.266000
9634 -98.266000
9634 -98.266000
9635 -98.266000
9635 -98.266000
9636 -98.266000
9636 -98.266000
9637 -98.266000
9637 -98.266000
9638 -98.266000
9638 -98.266000
9639 -98.266000
9639 -98.266000
9640 -98.266000
9640 -98.266000
9641 -98.266000
9641 -98.266000
9642 -98.266000
9642 -98.266000
9643 -98.266000
9643 -98.266000
9644 -98.266000
9644 -98.266000
9645 -98.266000
9645 -98.266000
9646 -98.266000
9646 -98.266000
9647 -98.266000
9647 -98.266000
9648 -98.266000
9648 -98.266000
9649 -98.266000
9649 -98.266000
9650 -98.266000
9650 -98.266000
9651 -98.266000
9651 -98.266000
9652 -98.266000
9652 -98.266000
9653 -98.266000
9653 -98.266000
9654 -98.266000
9654 -98.266000
9655 -98.266000
9655 -98.266000
9656 -98.266000
9656 -98.266000
9657 -98.266000
9657 -98.266000
9658 -98.266000
9658 -98.266000
9659 -98.266000
9659 -98.266000
9660 -98.266000
9660 -98.266000
9661 -98.266000
9661 -98.266000
9662 -98.266000
9662 -98.266000
9663 -98.266000
9663 -98.266000
9664 -98.266000
9664 -98.266000
9665 -98.266000
9665 -98.266000
9666 -98.266000
9666 -98.266000
9667 -98.266000
9667 -98.266000
9668 -98.266000
9668 -98.266000
9669 -98.266000
9669 -98.266000
9670 -98.266000
9670 -98.266000
9671 -98.266000
9671 -98.266000
9672 -98.266000
9672 -98.266000
9673 -98.266000
9673 -98.266000
9674 -98.266000
9674 -98.266000
9675 -98.266000
9675 -98.266000
9676 -98.266000
9676 -98.266000
9677 -98.266000
9677 -98.266000
9678 -98.266000
9678 -98.266000
9679 -98.266000
9679 -98.266000
9680 -98.266000
9680 -98.266000
9681 -98.266000
9681 -98.266000
9682 -98.266000
9682 -98.266000
9683 -98.266000
9683 -98.266000
9684 -98.266000
9684 -98.266000
9685 -98.266000
9685 -98.266000
9686 -98.266000
9686 -98.266000
9687 -98.266000
9687 -98.266000
9688 -98.266000
9688 -98.266000
9689 -98.266000
9689 -98.266000
9690 -98.266000
9690 -98.266000
9691 -98.266000
9691 -98.266000
9692 -98.266000
9692 -98.266000
9693 -98.266000
9693 -98.266000
9694 -98.266000
9694 -98.266000
9695 -98.266000
9695 -98.266000
9696 -98.266000
9696 -98.266000
9697 -98.266000
9697 -98.266000
9698 -98.266000
9698 -98.266000
9699 -98.266000
9699 -98.266000
9700 -98.266000
9700 -98.266000
9701 -98.266000
9701 -98.266000
9702 -98.266000
9702 -98.266000
9703 -98.266000
9703 -98.266000
9704 -98.266000
9704 -98.266000
9705 -98.266000
9705 -98.266000
9706 -98.266000
9706 -98.266000
9707 -98.266000
9707 -98.266000
9708 -98.266000
9708 -98.266000
9709 -98.266000
9709 -98.266000
9710 -98.266000
9710 -98.266000
9711 -98.266000
9711 -98.266000
9712 -98.266000
9712 -98.266000
9713 -98.266000
9713 -98.266000
9714 -98.266000
9714 -98.266000
9715 -98.266000
9715 -98.266000
9716 -98.266000
9716 -98.266000
9717 -98.266000
9717 -98.266000
9718 -98.266000
9718 -98.266000
9719 -98.266000
9719 -98.266000
9720 -98.266000
9720 -98.266000
9721 -98.266000
9721 -98.266000
9722 -98.266000
9722 -98.266000
9723 -98.266000
9723 -98.266000
9724 -98.266000
9724 -98.266000
9725 -98.266000
9725 -98.266000
9726 -98.266000
9726 -98.266000
9727 -98.266000
9727 -98.266000
9728 -98.266000
9728 -98.266000
9729 -98.266000
9729 -98.266000
9730 -98.266000
9730 -98.266000
9731 -98.266000
9731 -98.266000
9732 -98.266000
9732 -98.266000
9733 -98.266000
9733 -98.266000
9734 -98.266000
9734 -98.266000
9735 -98.266000
9735 -98.266000
9736 -98.266000
9736 -98.266000
9737 -98.266000
9737 -98.266000
9738 -98.266000
9738 -98.266000
9739 -98.266000
9739 -98.266000
9740 -98.266000
9740 -98.266000
9741 -98.266000
9741 -98.266000
9742 -98.266000
9742 -98.266000
9743 -98.266000
9743 -98.266000
9744 -98.266000
9744 -98.266000
9745 -98.266000
9745 -98.266000
9746 -98.266000
9746 -98.266000
9747 -98.266000
9747 -98.266000
9748 -98.266000
9748 -98.266000
9749 -98.266000
9749 -98.266000
9750 -98.266000
9750 -98.266000
9751 -98.266000
9751 -98.266000
9752 -98.266000
9752 -98.266000
9753 -98.266000
9753 -98.266000
9754 -98.266000
9754 -98.266000
9755 -98.266000
9755 -98.266000
9756 -98.266000
9756 -98.266000
9757 -98.266000
9757 -98.266000
9758 -98.266000
9758 -98.266000
9759 -98.266000
9759 -98.266000
9760 -98.266000
9760 -98.266000
9761 -98.266000
9761 -98.266000
9762 -98.266000
9762 -98.266000
9763 -98.266000
9763 -98.266000
9764 -98.266000
9764 -98.266000
9765 -98.266000
9765 -98.266000
9766 -98.266000
9766 -98.266000
9767 -98.266000
9767 -98.266000
9768 -98.266000
9768 -98.266000
9769 -98.266000
9769 -98.266000
9770 -98.266000
9770 -98.266000
9771 -98.266000
9771 -98.266000
9772 -98.266000
9772 -98.266000
9773 -98.266000
9773 -98.266000
9774 -98.266000
9774 -98.266000
9775 -98.266000
9775 -98.266000
9776 -98.266000
9776 -98.266000
9777 -98.266000
9777 -98.266000
9778 -98.266000
9778 -98.266000
9779 -98.266000
9779 -98.266000
9780 -98.266000
9780 -98.266000
9781 -98.266000
9781 -98.266000
9782 -98.266000
9782 -98.266000
9783 -98.266000
9783 -98.266000
9784 -98.266000
9784 -98.266000
9785 -98.266000
9785 -98.266000
9786 -98.266000
9786 -98.266000
9787 -98.266000
9787 -98.266000
9788 -98.266000
9788 -98.266000
9789 -98.266000
9789 -98.266000
9790 -98.266000
9790 -98.266000
9791 -98.266000
9791 -98.266000
9792 -98.266000
9792 -98.266000
9793 -98.266000
9793 -98.266000
9794 -98.266000
9794 -98.266000
9795 -98.266000
9795 -98.266000
9796 -98.266000
9796 -98.266000
9797 -98.266000
9797 -98.266000
9798 -98.266000
9798 -98.266000
9799 -98.266000
9799 -98.266000
9800 -98.266000
9800 -98.266000
9801 -98.266000
9801 -98.266000
9802 -98.266000
9802 -98.266000
9803 -98.266000
9803 -98.266000
9804 -98.266000
9804 -98.266000
9805 -98.266000
9805 -98.266000
9806 -98.266000
9806 -98.266000
9807 -98.266000
9807 -98.266000
9808 -98.266000
9808 -98.266000
9809 -98.266000
9809 -98.266000
9810 -98.266000
9810 -98.266000
9811 -98.266000
9811 -98.266000
9812 -98.266000
9812 -98.266000
9813 -98.266000
9813 -98.266000
9814 -98.266000
9814 -98.266000
9815 -98.266000
9815 -98.266000
9816 -98.266000
9816 -98.266000
9817 -98.266000
9817 -98.266000
9818 -98.266000
9818 -98.266000
9819 -98.266000
9819 -98.266000
9820 -98.266000
9820 -98.266000
9821 -98.266000
9821 -98.266000
9822 -98.266000
9822 -98.266000
9823 -98.266000
9823 -98.266000
9824 -98.266000
9824 -98.266000
9825 -98.266000
9825 -98.266000
9826 -98.266000
9826 -98.266000
9827 -98.266000
9827 -98.266000
9828 -98.266000
9828 -98.266000
9829 -98.266000
9829 -98.266000
9830 -98.266000
9830 -98.266000
9831 -98.266000
9831 -98.266000
9832 -98.266000
9832 -98.266000
9833 -98.266000
9833 -98.266000
9834 -98.266000
9834 -98.266000
9835 -98.266000
9835 -98.266000
9836 -98.266000
9836 -98.266000
9837 -98.266000
9837 -98.266000
9838 -98.266000
9838 -98.266000
9839 -98.266000
9839 -98.266000
9840 -98.266000
9840 -98.266000
9841 -98.266000
9841 -98.266000
9842 -98.266000
9842 -98.266000
9843 -98.266000
9843 -98.266000
9844 -98.266000
9844 -98.266000
9845 -98.266000
9845 -98.266000
9846 -98.266000
9846 -98.266000
9847 -98.266000
9847 -98.266000
9848 -98.266000
9848 -98.266000
9849 -98.266000
9849 -98.266000
9850 -98.266000
9850 -98.266000
9851 -98.266000
9851 -98.266000
9852 -98.266000
9852 -98.266000
9853 -98.266000
9853 -98.266000
9854 -98.266000
9854 -98.266000
9855 -98.266000
9855 -98.266000
9856 -98.266000
9856 -98.266000
9857 -98.266000
9857 -98.266000
9858 -98.266000
9858 -98.266000
9859 -98.266000
9859 -98.266000
9860 -98.266000
9860 -98.266000
9861 -98.266000
9861 -98.266000
9862 -98.266000
9862 -98.266000
9863 -98.266000
9863 -98.266000
9864 -98.266000
9864 -98.266000
9865 -98.266000
9865 -98.266000
9866 -98.266000
9866 -98.266000
9867 -98.266000
9867 -98.266000
9868 -98.266000
9868 -98.266000
9869 -98.266000
9869 -98.266000
9870 -98.266000
9870 -98.266000
9871 -98.266000
9871 -98.266000
9872 -98.266000
9872 -98.266000
9873 -98.266000
9873 -98.266000
9874 -98.266000
9874 -98.266000
9875 -98.266000
9875 -98.266000
9876 -98.266000
9876 -98.266000
9877 -98.266000
9877 -98.266000
9878 -98.266000
9878 -98.266000
9879 -98.266000
9879 -98.266000
9880 -98.266000
9880 -98.266000
9881 -98.266000
9881 -98.266000
9882 -98.266000
9882 -98.266000
9883 -98.266000
9883 -98.266000
9884 -98.266000
9884 -98.266000
9885 -98.266000
9885 -98.266000
9886 -98.266000
9886 -98.266000
9887 -98.266000
9887 -98.266000
9888 -98.266000
9888 -98.266000
9889 -98.266000
9889 -98.266000
9890 -98.266000
9890 -98.266000
9891 -98.266000
9891 -98.266000
9892 -98.266000
9892 -98.266000
9893 -98.266000
9893 -98.266000
9894 -98.266000
9894 -98.266000
9895 -98.266000
9895 -98.266000
9896 -98.266000
9896 -98.266000
9897 -98.266000
9897 -98.266000
9898 -98.266000
9898 -98.266000
9899 -98.266000
9899 -98.266000
9900 -98.266000
9900 -98.266000
9901 -98.266000
9901 -98.266000
9902 -98.266000
9902 -98.266000
9903 -98.266000
9903 -98.266000
9904 -98.266000
9904 -98.266000
9905 -98.266000
9905 -98.266000
9906 -98.266000
9906 -98.266000
9907 -98.266000
9907 -98.266000
9908 -98.266000
9908 -98.266000
9909 -98.266000
9909 -98.266000
9910 -98.266000
9910 -98.266000
9911 -98.266000
9911 -98.266000
9912 -98.266000
9912 -98.266000
9913 -98.266000
9913 -98.266000
9914 -98.266000
9914 -98.266000
9915 -98.266000
9915 -98.266000
9916 -98.266000
9916 -98.266000
9917 -98.266000
9917 -98.266000
9918 -98.266000
9918 -98.266000
9919 -98.266000
9919 -98.266000
9920 -98.266000
9920 -98.266000
9921 -98.266000
9921 -98.266000
9922 -98.266000
9922 -98.266000
9923 -98.266000
9923 -98.266000
9924 -98.266000
9924 -98.266000
9925 -98.266000
9925 -98.266000
9926 -98.266000
9926 -98.266000
9927 -98.266000
9927 -98.266000
9928 -98.266000
9928 -98.266000
9929 -98.266000
9929 -98.266000
9930 -98.266000
9930 -98.266000
9931 -98.266000
9931 -98.266000
9932 -98.266000
9932 -98.266000
9933 -98.266000
9933 -98.266000
9934 -98.266000
9934 -98.266000
9935 -98.266000
9935 -98.266000
9936 -98.266000
9936 -98.266000
9937 -98.266000
9937 -98.266000
9938 -98.266000
9938 -98.266000
9939 -98.266000
9939 -98.266000
9940 -98.266000
9940 -98.266000
9941 -98.266000
9941 -98.266000
9942 -98.266000
9942 -98.266000
9943 -98.266000
9943 -98.266000
9944 -98.266000
9944 -98.266000
9945 -98.266000
9945 -98.266000
9946 -98.266000
9946 -98.266000
9947 -98.266000
9947 -98.266000
9948 -98.266000
9948 -98.266000
9949 -98.266000
9949 -98.266000
9950 -98.266000
9950 -98.266000
9951 -98.266000
9951 -98.266000
9952 -98.266000
9952 -98.266000
9953 -98.266000
9953 -98.266000
9954 -98.266000
9954 -98.266000
9955 -98.266000
9955 -98.266000
9956 -98.266000
9956 -98.266000
9957 -98.266000
9957 -98.266000
9958 -98.266000
9958 -98.266000
9959 -98.266000
9959 -98.266000
9960 -98.266000
9960 -98.266000
9961 -98.266000
9961 -98.266000
9962 -98.266000
9962 -98.266000
9963 -98.266000
9963 -98.266000
9964 -98.266000
9964 -98.266000
9965 -98.266000
9965 -98.266000
9966 -98.266000
9966 -98.266000
9967 -98.266000
9967 -98.266000
9968 -98.266000
9968 -98.266000
9969 -98.266000
9969 -98.266000
9970 -98.266000
9970 -98.266000
9971 -98.266000
9971 -98.266000
9972 -98.266000
9972 -98.266000
9973 -98.266000
9973 -98.266000
9974 -98.266000
9974 -98.266000
9975 -98.266000
9975 -98.266000
9976 -98.266000
9976 -98.266000
9977 -98.266000
9977 -98.266000
9978 -98.266000
9978 -98.266000
9979 -98.266000
9979 -98.266000
9980 -98.266000
9980 -98.266000
9981 -98.266000
9981 -98.266000
9982 -98.266000
9982 -98.266000
9983 -98.266000
9983 -98.266000
9984 -98.266000
9984 -98.266000
9985 -97.398000
9985 -97.398000
9986 -97.398000
9986 -97.398000
9987 -97.398000
9987 -97.398000
9988 -97.398000
9988 -97.398000
9989 -97.398000
9989 -97.398000
9990 -97.398000
9990 -97.398000
9991 -97.398000
9991 -97.398000
9992 -97.398000
9992 -97.398000
