-98.266
3 3 -0.108
4 4 1.0
8 8 -0.108
11 11 -0.333
14 14 -0.333
19 19 0.217
22 22 -0.333
107 107 0.108
203 203 0.108
289 289 -0.108
291 291 -0.217
292 292 0.5
293 293 -0.108
294 294 0.5
300 300 1.0
302 302 -0.217
1 6 -1.0
1 97 -1.0
2 6 -1.0
2 7 -1.0
3 7 0.217
3 8 -1.0
4 7 -1.0
4 8 -1.0
8 16 -1.0
10 15 -1.0
11 107 -1.0
12 13 -1.0
12 15 0.217
12 108 -1.0
13 10 -1.0
14 11 -1.0
14 22 -1.0
15 23 -1.0
16 24 -1.0
18 21 -1.0
18 114 -1.0
19 22 -1.0
19 115 -1.0
20 21 -1.0
20 116 -1.0
24 32 -1.0
25 30 0.217
25 31 0.217
25 121 -1.0
27 32 -1.0
27 123 -1.0
28 30 0.217
28 31 0.217
28 124 -1.0
30 26 -1.0
31 23 -1.0
97 193 -1.0
98 104 -1.0
99 101 -1.0
99 102 0.217
99 195 -1.0
100 102 -1.0
101 100 -1.0
102 110 -1.0
104 112 -1.0
105 109 -0.5
105 110 -1.0
105 111 -1.0
105 112 -1.0
106 109 -1.0
106 110 0.217
106 111 -0.5
106 112 0.217
108 110 0.217
108 111 -1.0
108 112 0.217
109 117 -1.0
113 118 -1.0
114 119 -1.0
116 118 -1.0
116 120 0.217
117 115 -1.0
119 127 -1.0
120 113 -1.0
120 128 -1.0
121 125 -1.0
121 128 0.217
122 26 -1.0
122 125 -1.0
122 128 -1.0
123 127 -1.0
124 125 -1.0
124 128 0.217
193 199 0.217
193 200 -1.0
194 98 -1.0
194 290 -1.0
195 291 -1.0
196 200 -1.0
199 196 -1.0
199 207 -1.0
201 205 -1.0
201 207 -1.0
201 208 -1.0
202 205 0.217
202 207 0.217
202 208 -1.0
202 298 -1.0
203 107 -1.0
203 205 -1.0
204 205 0.217
204 206 -1.0
204 207 0.217
204 208 -1.0
206 214 -1.0
214 222 -1.0
219 221 -1.0
219 222 0.217
219 315 -1.0
220 221 -1.0
220 222 -1.0
289 294 -0.5
289 295 0.217
290 296 -1.0
291 294 -1.0
291 295 0.217
292 293 -0.5
292 295 -1.0
293 289 -1.0
293 301 -1.0
294 292 -1.0
296 304 -1.0
297 301 -1.0
297 303 -1.0
298 301 0.217
298 303 -1.0
299 302 0.217
299 304 -1.0
300 302 -1.0
300 304 -1.0
302 310 -1.0
310 318 -1.0
313 317 -1.0
313 318 -1.0
313 319 0.217
313 320 0.217
314 317 -1.0
314 318 0.217
314 319 -1.0
315 319 0.217
315 320 0.217
316 317 -1.0
316 318 0.217
316 320 -1.0
