1152
1036 1036 -1.000
940 941 -1.000
941 949 -1.000
945 951 -1.000
945 952 -1.000
947 949 -1.000
947 951 -1.000
948 950 -1.000
948 952 -1.000
950 958 -1.000
954 957 -1.000
954 1050 -1.000
955 957 -1.000
955 958 -1.000
1033 1037 -1.000
1033 1038 -1.000
1034 1038 -1.000
1034 1039 -1.000
1035 1039 -1.000
1035 1040 -1.000
1036 1037 -1.000
1040 1048 -1.000
1041 1046 -1.000
1041 1047 -1.000
1042 1046 -1.000
1042 1048 -1.000
1044 1047 -1.000
1044 1140 -1.000
1049 1056 -1.000
1049 1145 -1.000
1050 1054 -1.000
1051 1055 -1.000
1051 1056 -1.000
1052 1054 -1.000
1052 1055 -1.000
1137 1141 -1.000
1137 1144 -1.000
1138 1143 -1.000
1138 1144 -1.000
1139 1141 -1.000
1139 1142 -1.000
1140 1142 -1.000
1143 1151 -1.000
1145 1150 -1.000
1146 1149 -1.000
1146 1150 -1.000
1147 1149 -1.000
1147 1152 -1.000
1148 1151 -1.000
1148 1152 -1.000
