1152
3 3 -0.108
4 4 1.000
8 8 -0.108
11 11 -0.333
14 14 -0.333
19 19 0.217
22 22 -0.333
107 107 0.108
203 203 0.108
289 289 -0.108
291 291 -0.217
292 292 0.500
293 293 -0.108
294 294 0.500
300 300 1.000
302 302 -0.217
1 6 -1.000
1 97 -1.000
2 6 -1.000
2 7 -1.000
3 7 0.217
3 8 -1.000
4 7 -1.000
4 8 -1.000
8 16 -1.000
10 13 -1.000
10 15 -1.000
11 14 -1.000
11 107 -1.000
12 13 -1.000
12 15 0.217
12 108 -1.000
14 22 -1.000
15 23 -1.000
16 24 -1.000
18 21 -1.000
18 114 -1.000
19 22 -1.000
19 115 -1.000
20 21 -1.000
20 116 -1.000
23 31 -1.000
24 32 -1.000
25 30 0.217
25 31 0.217
25 121 -1.000
26 30 -1.000
26 122 -1.000
27 32 -1.000
27 123 -1.000
28 30 0.217
28 31 0.217
28 124 -1.000
97 193 -1.000
98 104 -1.000
98 194 -1.000
99 101 -1.000
99 102 0.217
99 195 -1.000
100 101 -1.000
100 102 -1.000
102 110 -1.000
104 112 -1.000
105 109 -0.500
105 110 -1.000
105 111 -1.000
105 112 -1.000
106 109 -1.000
106 110 0.217
106 111 -0.500
106 112 0.217
107 203 -1.000
108 110 0.217
108 111 -1.000
108 112 0.217
109 117 -1.000
113 118 -1.000
113 120 -1.000
114 119 -1.000
115 117 -1.000
116 118 -1.000
116 120 0.217
119 127 -1.000
120 128 -1.000
121 125 -1.000
121 128 0.217
122 125 -1.000
122 128 -1.000
123 127 -1.000
124 125 -1.000
124 128 0.217
193 199 0.217
193 200 -1.000
194 290 -1.000
195 291 -1.000
196 199 -1.000
196 200 -1.000
199 207 -1.000
201 205 -1.000
201 207 -1.000
201 208 -1.000
202 205 0.217
202 207 0.217
202 208 -1.000
202 298 -1.000
203 205 -1.000
204 205 0.217
204 206 -1.000
204 207 0.217
204 208 -1.000
206 214 -1.000
214 222 -1.000
219 221 -1.000
219 222 0.217
219 315 -1.000
220 221 -1.000
220 222 -1.000
289 293 -1.000
289 294 -0.500
289 295 0.217
290 296 -1.000
291 294 -1.000
291 295 0.217
292 293 -0.500
292 294 -1.000
292 295 -1.000
293 301 -1.000
296 304 -1.000
297 301 -1.000
297 303 -1.000
298 301 0.217
298 303 -1.000
299 302 0.217
299 304 -1.000
300 302 -1.000
300 304 -1.000
302 310 -1.000
310 318 -1.000
313 317 -1.000
313 318 -1.000
313 319 0.217
313 320 0.217
314 317 -1.000
314 318 0.217
314 319 -1.000
315 319 0.217
315 320 0.217
316 317 -1.000
316 318 0.217
316 320 -1.000
