Path-Integral Quantum Monte Carlo
{'dump': 'utils/qmc12.txt', 'G0': 3, 'ef': 4, 'P': 5, 'steps': 1000, 'T': 0.015, 'Gf': 1e-06, 'e0': 1e-06}
<class 'ising.SpinGlass'>(data_file="sample_data/ising12.txt", spin_configuration="0xc3c3f89e96c9714b846b015c402e4ea054ae")
3,18.30616,0xc3c3f89e96c9714b846b015c402e4ea054ae,-1
3.0,18.15442,0xc3c3f89e96c9714ba46b015c402e4ea054ae,0
3.0,18.13492,0xc3c3f89e96c9714b846b095c402e4ea054ae,3
3.0,16.73296,0xc3c3f89e96c9314b846b015c402e4ea054ae,1
2.996996998,15.08742,0xc3c3f89e96c9714b846b295c402e4ea054ae,3
2.993993996,11.02144,0xc3c3f89e96c9314b846b015c502e4ea054ae,1
2.993993996,18.0096,0xc3c3f89e96c9714b846b015c402f4ea054ae,2
2.993993996,15.92366,0xc3c3f89e96c9714b8c6b015c402e4ea054ae,4
2.993993996,16.0768,0xc3c3f89e96c9715ba46b015c402e4ea054ae,0
2.99099099399,8.93918,0xc3c3f89e16c9714b846b295c402e4ea054ae,3
2.99099099399,10.377,0xc3c3f89e96c9314b844b015c502e4ea054ae,1
2.99099099399,15.70722,0xc3c3f89e96c9715ba46b005c402e4ea054ae,0
2.99099099399,10.68316,0xc3c3f89e96c9715ba46b005c402e4ea044ae,0
2.99099099399,5.35294,0xc3c3f89e96c9314b844b015c502e4ea044ae,1
2.99099099399,12.98554,0xc3c3f89e96c9714b846b015c402f4ea044ae,2
2.99099099399,3.91512,0xc3c3f89e16c9714b846b295c402e4ea044ae,3
2.99099099399,10.8996,0xc3c3f89e96c9714b8c6b015c402e4ea044ae,4
2.98798799199,11.76848,0xc3c3f89e96c9614b846b015c402f4ea044ae,2
2.98798799199,3.08236,0xc3c3f89e96c9314b844b015c502e4aa044ae,1
2.98798799199,7.61072,0xc383f89e96c9715ba46b005c402e4ea044ae,0
2.98498498999,7.15648,0xc3c3f89e96c9e14b846b015c402f4ea044ae,2
2.98498498999,2.31526,0xc383f89e96c9715ba46b005c402ecea044ae,0
2.98498498999,3.76338,0xc3c3f89e16c9714ba46b295c402e4ea044ae,3
2.98498498999,-2.29876,0xc3c3f89e96c9314b844a015c502e4aa044ae,1
2.98498498999,-4.75616,0xc783f89e96c9715ba46b005c402ecea044ae,0
2.98498498999,-9.37018,0xc7c3f89e96c9314b844a015c502e4aa044ae,1
2.98498498999,0.08506,0xc7c3f89e96c9e14b846b015c402f4ea044ae,2
2.98498498999,-3.30804,0xc7c3f89e16c9714ba46b295c402e4ea044ae,3
2.98498498999,3.82818,0xc7c3f89e96c9714b8c6b015c402e4ea044ae,4
2.98198198799,-3.91092,0xc7c3f89e96c9e14b846b015c402f4ea044ac,2
2.98198198799,-10.89064,0xc7c3f89e16c971cba46b295c402e4ea044ae,3
2.98198198799,-7.24844,0xc783f89e96c9711ba46b005c402ecea044ae,0
2.98198198799,-11.09514,0xc783f89e96c9711b246b005c402ecea044ae,0
2.98198198799,-13.21688,0xc7c3f89e96c9314b044a015c502e4aa044ae,1
2.98198198799,-7.75762,0xc7c3f89e96c9e14b046b015c402f4ea044ac,2
2.98198198799,-14.73734,0xc7c3f89e16c971cb246b295c402e4ea044ae,3
2.98198198799,-0.01852,0xc7c3f89e96c9714b0c6b015c402e4ea044ae,4
2.97897898599,-1.23558,0xc7c3f89e96c9614b0c6b015c402e4ea044ae,4
2.97897898599,-16.36402,0xc7c3f89e96c9e14b046b015c402f0ea044ac,2
2.97897898599,-15.11908,0xc783f89e96c9511b246b005c402ecea044ae,0
2.97897898599,-9.82362,0xc783f89e96c9511b246b005c402e4ea044ae,0
2.97897898599,-18.51234,0xc7c3f89e96c9314b044a015c502ecaa044ae,1
2.97897898599,-11.90668,0xc7c3f89e96c9e14b046b015c402f8ea044ac,2
2.97897898599,-20.0328,0xc7c3f89e16c971cb246b295c402ecea044ae,3
2.97897898599,-6.53104,0xc7c3f89e96c9614b0c6b015c402ecea044ae,4
2.97597598398,-15.19706,0xc7c3f89e96c9e14b046b015c402f8ca044ac,2
2.97597598398,-19.3726,0xc7c3f89e96c9314b044a015c522ecaa044ae,1
2.97297298198,-23.6716,0xc7c3f89e16c971cb246b295c402ecea0442e,3
2.97297298198,-21.27238,0xc7c3f89e96c9314a044a015c522ecaa044ae,1
2.97297298198,-20.39254,0xc7c3f89e96c9e14b046b015d402f8ca044ac,2
2.96996997998,-8.55078,0xc7c3f89e96c9614a0c6b015c402ecea044ae,4
2.96996997998,-26.74404,0xc783f89e16c971cb246b295c402ecea0442e,3
2.96996997998,-11.08134,0xc783d89e96c9511b246b005c402e4ea044ae,0
2.96996997998,-22.5301,0xc7c3d89e96c9314a044a015c522ecaa044ae,1
2.96996997998,-21.65026,0xc7c3d89e96c9e14b046b015d402f8ca044ac,2
2.96996997998,-28.00176,0xc783d89e16c971cb246b295c402ecea0442e,3
2.96996997998,-9.8085,0xc7c3d89e96c9614a0c6b015c402ecea044ae,4
2.96696697798,-24.37496,0xc7c3d89e96c9e14b046f015d402f8ca044ac,2
2.96696697798,-16.46246,0xc783d89e96c9511b246a005c402e4ea044ae,0
2.96696697798,-17.14898,0xc7c3d89e96c9314a044b015c522ecaa044ae,1
2.96696697798,-29.75608,0xc7c3d89e96c9e14b046e015d402f8ca044ac,2
2.96696697798,-33.38288,0xc783d89e16c971cb246a295c402ecea0442e,3
2.96696697798,-15.18962,0xc7c3d89e96c9614a0c6a015c402ecea044ae,4
2.96396397598,-32.8777,0xc7c3d89e96c9e14b046e015d402f8ca0c4ac,2
2.96396397598,-19.78092,0xc7c3d89e96c9614a0c6a015c402ecea044af,4
2.96096097397,-36.75284,0xc7c3d89e96c9e14b046e015d40af8ca0c4ac,2
2.96096097397,-17.1069,0xc783d89e96c9511b244a005c402e4ea044ae,0
2.96096097397,-21.55156,0xc7c3c89e96c9314a044b015c522ecaa044ae,1
2.96096097397,-26.3258,0xc7c3d89e96c9614a0c6a115c402ecea044af,4
2.96096097397,-19.34564,0xc783d89e96c9511b244a005c400e4ea044ae,0
2.96096097397,-23.7903,0xc7c3c89e96c9314a044b015c520ecaa044ae,1
2.96096097397,-37.7063,0xc7c3d89e96c9e14b046e015d408f8ca0c4ac,2
2.96096097397,-35.62162,0xc783d89e16c971cb246a295c400ecea0442e,3
2.96096097397,-28.56454,0xc7c3d89e96c9614a0c6a115c400ecea044af,4
2.95795797197,-41.20944,0xc783d89e16e971cb246a295c400ecea0442e,3
2.95795797197,-25.86792,0xc7c3c89e96c9315a044b015c520ecaa044ae,1
2.95795797197,-41.58484,0xc7c3d89e96c9e14b046e015d408f8ca0c4ad,2
2.95795797197,-25.89052,0xc783d89e96c9511b244a105c400e4ea044ae,0
2.95795797197,-32.4128,0xc7c3c89e96c9315a044b115c520ecaa044ae,1
2.95795797197,-42.02444,0xc7c3d89e96c9e14b046e115d408f8ca0c4ad,2
2.95795797197,-42.5696,0xc783d89e16e971cb246a395c400ecea0442e,3
2.95795797197,-22.01966,0xc7c3d89e96c9614a0c6a015c400ecea044af,4
2.95495496997,-31.18598,0xc783d89e96c9511b244a105c400ecea044ae,0
2.95495496997,-23.59286,0xc7c3d89e96c9214a0c6a015c400ecea044af,4
2.95195196797,-38.56104,0xc7c3c89e16c9315a044b115c520ecaa044ae,1
2.95195196797,-31.86208,0xc783d89e96c9511b244a105c400ccea044ae,0
2.95195196797,-25.89392,0xc7c3d89e96c9214a0c6a035c400ecea044af,4
2.95195196797,-42.99976,0xc781d89e16e971cb246a395c400ecea0442e,3
2.95195196797,-31.24034,0xc783d89e96c9511b244a10dc400ccea044ae,0
2.95195196797,-39.04954,0xc7c3c89e16c9315a044b11dc520ecaa044ae,1
2.95195196797,-42.51294,0xc7c3d89e96c9e14b046e11dd408f8ca0c4ad,2
2.95195196797,-43.48826,0xc781d89e16e971cb246a39dc400ecea0442e,3
2.95195196797,-26.38242,0xc7c3d89e96c9214a0c6a03dc400ecea044af,4
2.94894896597,-34.8423,0xc783d89e96c9511b244a10dc480ccea044ae,0
2.94594596396,-41.77578,0xc7c3c09e16c9315a044b11dc520ecaa044ae,1
2.94594596396,-28.653,0xc7c3d89e96c9214a0c6a03dc400ecaa044af,4
2.94594596396,-46.30272,0xc7c3dc9e96c9e14b046e11dd408f8ca0c4ad,2
2.94594596396,-44.70532,0xc781d89e16e961cb246a39dc400ecea0442e,3
2.94294296196,-41.72932,0xc7c3c09e16c9315a044b13dc520ecaa044ae,1
2.94294296196,-47.66084,0xc781d89e16e961cb246a39dc400e8ea0442e,3
2.94294296196,-36.23318,0xc783d89e96cb511b244a10dc480ccea044ae,0
2.94294296196,-43.1202,0xc7c3c09e16cb315a044b13dc520ecaa044ae,1
2.94294296196,-47.6936,0xc7c3dc9e96cbe14b046e11dd408f8ca0c4ad,2
2.94294296196,-49.05172,0xc781d89e16eb61cb246a39dc400e8ea0442e,3
2.94294296196,-30.04388,0xc7c3d89e96cb214a0c6a03dc400ecaa044af,4
2.93993995996,-30.22908,0xc7c3d09e96cb214a0c6a03dc400ecaa044af,4
2.93993995996,-36.61804,0xc783d89e96cb511b244a10dc480ccea044aa,0
2.93993995996,-35.55032,0xc783d89e96cbd11b244a10dc480ccea044aa,0
2.93993995996,-41.18404,0xc7c3c09e16cbb15a044b13dc520ecaa044ae,1
2.93993995996,-43.0816,0xc7c3dc9e96cb614b046e11dd408f8ca0c4ad,2
2.93993995996,-53.66372,0xc781d89e16ebe1cb246a39dc400e8ea0442e,3
2.93993995996,-33.97264,0xc7c3d09e96cba14a0c6a03dc400ecaa044af,4
2.93693695796,-45.10134,0xc7c3dc9e96cb614a046e11dd408f8ca0c4ad,2
2.93693695796,-55.96478,0xc781d89e16ebe1cb246a3bdc400e8ea0442e,3
2.93693695796,-36.4551,0xc783d89e96cbd11b244a90dc480ccea044aa,0
2.93693695796,-43.19894,0xc7c3c09e16cbb15a044b93dc520ecaa044ae,1
2.93693695796,-46.00612,0xc7c3dc9e96cb614a046e91dd408f8ca0c4ad,2
2.93693695796,-56.86956,0xc781d89e16ebe1cb246abbdc400e8ea0442e,3
2.93693695796,-32.29146,0xc7c3d09e96cba14a0c6a83dc400ecaa044af,4
2.93393395596,-37.72742,0xc783d89e96cbd31b244a90dc480ccea044aa,0
2.93093095395,-47.0369,0xc783d89f96cbd31b244a90dc480ccea044aa,0
2.93093095395,-40.77198,0xc7c3c09f16cbb15a044b93dc520ecaa044ae,1
2.93093095395,-55.3156,0xc7c3dc9f96cb614a046e91dd408f8ca0c4ad,2
2.93093095395,-58.2252,0xc781d89f16ebe1cb246abbdc400e8ea0442e,3
2.93093095395,-41.60094,0xc7c3d09f96cba14a0c6a83dc400ecaa044af,4
2.92792795195,-59.53834,0xc7c3dc9f96cb614a046e91dd40878ca0c4ad,2
2.92492494995,-43.19894,0xc7c3c09e16cbb15a044b93dc520ecaa044ae,1
2.92492494995,-48.84052,0xc783da9f96cbd31b244a90dc480ccea044aa,0
2.92492494995,-61.43512,0xc681d89f16ebe1cb246abbdc400e8ea0442e,3
2.91891894595,-45.07328,0xc7c3c09e16cbb15a044b93dc520ecab044ae,1
2.91591594394,-66.02642,0xc681d89f16ebe1cb246abbdc400e8ea0442f,3
2.91591594394,-46.5112,0xc7c3d49f96cba14a0c6a83dc400ecaa044af,4
2.91591594394,-49.70078,0xc783da9f96cbd31b244a90dc4a0ccea044aa,0
2.91591594394,-44.21302,0xc7c3c09e16cbb15a044b93dc500ecab044ae,1
2.91591594394,-60.3986,0xc7c3dc9f96cb614a046e91dd42878ca0c4ad,2
2.91591594394,-66.88668,0xc681d89f16ebe1cb246abbdc420e8ea0442f,3
2.91591594394,-47.37146,0xc7c3d49f96cba14a0c6a83dc420ecaa044af,4
2.91291294194,-46.98628,0xc7c3c0de16cbb15a044b93dc500ecab044ae,1
2.91291294194,-50.32076,0xc783ca9f96cbd31b244a90dc4a0ccea044aa,0
2.90990993994,-50.58138,0xc6c3d49f96cba14a0c6a83dc420ecaa044af,4
2.90990993994,-51.28224,0xc783ca9f96cbd31b244a90dc4a0ccea064aa,0
2.90990993994,-51.65364,0xc783ca9f96cbd31b244a90dc4b0ccea064aa,0
2.90990993994,-48.06904,0xc7c3c0de16cbb15a044b93dc510ecab044ae,1
2.90990993994,-58.38036,0xc7c3dc9f96cb614a046e91dd43878ca0c4ad,2
2.90990993994,-67.25808,0xc681d89f16ebe1cb246abbdc430e8ea0442f,3
2.90990993994,-50.95278,0xc6c3d49f96cba14a0c6a83dc430ecaa044af,4
2.90690693794,-49.40606,0xc7c3c0de16cba15a044b93dc510ecab044ae,1
2.90390393594,-52.93386,0xc6c3d49f96cba04a0c6a83dc430ecaa044af,4
2.90390393594,-51.0651,0xc7c3c0de36cba15a044b93dc510ecab044ae,1
2.90390393594,-59.0248,0xc7c3dc9f96cb614a044e91dd43878ca0c4ad,2
2.90390393594,-51.77932,0xc783ca9f96cbd31b244a90dc5b0ccea064aa,0
2.90390393594,-45.35358,0xc7c3c0de36cba15a044b93dc410ecab044ae,1
2.90390393594,-63.74796,0xc7c3dc9f96cb614a044e91dd53878ca0c4ad,2
2.90390393594,-72.9696,0xc681d89f16ebe1cb246abbdc530e8ea0442f,3
2.90390393594,-58.64538,0xc6c3d49f96cba04a0c6a83dc530ecaa044af,4
2.90090093393,-45.5083,0xc7c7c0de36cba15a044b93dc410ecab044ae,1
2.89789793193,-74.8057,0xc681dc9f16ebe1cb246abbdc530e8ea0442f,3
2.89789793193,-61.37008,0xc6c3d49f96cba04a0c6e83dc530ecaa044af,4
2.89789793193,-55.4336,0xcf83ca9f96cbd31b244a90dc5b0ccea064aa,0
2.89489492993,-45.55476,0xc7c7c0de36cba15a044b91dc410ecab044ae,1
2.89489492993,-65.7662,0xc7c3dc9f96cb614a044e91dd52878ca0c4ad,2
2.89489492993,-56.39666,0xcf83ca9f96cbd31b244a90dc5b0ccea064ba,0
2.89189192793,-61.80024,0xc6c1d49f96cba04a0c6e83dc530ecaa044af,4
2.89189192793,-76.68004,0xc681dc9f16ebe1cb246abbdc530e8eb0442f,3
2.89189192793,-60.6194,0xcf83ca9f96cbd31b244a90dc5b04cea064ba,0
2.89189192793,-49.7775,0xc7c7c0de36cba15a044b91dc4106cab044ae,1
2.89189192793,-61.54346,0xc7c3dc9f96cb614a044e91dd528f8ca0c4ad,2
2.89189192793,-80.90278,0xc681dc9f16ebe1cb246abbdc53068eb0442f,3
2.89189192793,-66.02298,0xc6c1d49f96cba04a0c6e83dc5306caa044af,4
2.88888892593,-55.55722,0xc7c7c0de36cba15a144b91dc4106cab044ae,1
2.88588592392,-61.68712,0xcf83ca9f96cb531b244a90dc5b04cea064ba,0
2.88588592392,-83.17336,0xc681dc9f16ebe1cb246abbdc53068ab0442f,3
2.87987991992,-68.1192,0xc6c1d49f96cba04a0c6e83dc5306caa044bf,4
2.87987991992,-64.46038,0xcf83cadf96cb531b244a90dc5b04cea064ba,0
2.87687691792,-65.8028,0xcf83cadf96cb531b244a90dc5b44cea064ba,0
2.87387391592,-83.87812,0xc681dc9f16eba1cb246abbdc53068ab0442f,3
2.87087091391,-58.69596,0x47c7c0de36cba15a144b91dc4106cab044ae,1
2.87087091391,-64.75338,0xc6c3dc9f96cb614a044e91dd528f8ca0c4ad,2
2.87087091391,-85.53716,0xc681dc9f36eba1cb246abbdc53068ab0442f,3
2.86486490991,-69.03702,0xc6c1d49f96c3a04a0c6e83dc5306caa044bf,4
2.86186190791,-69.36538,0xc6c3dc9f96cbe14a044e91dd528f8ca0c4ad,2
2.86186190791,-59.65902,0x47c7c0de36cba15a144b91dc4106cab044be,1
2.86186190791,-69.01186,0xcf83cadf96cb531b244a90d85b44cea064ba,0
2.8558559039,-60.45256,0x47c7c0de36cba15a144b919c4106cab044be,1
2.8558559039,-69.1831,0xcf83cadf96cb531b244a98d85b44cea064ba,0
2.8558559039,-72.32184,0x4f83cadf96cb531b244a98d85b44cea064ba,0
2.8558559039,-57.31382,0xc7c7c0de36cba15a144b919c4106cab044be,1
2.8558559039,-72.50412,0x46c3dc9f96cbe14a044e91dd528f8ca0c4ad,2
2.8558559039,-88.6759,0x4681dc9f36eba1cb246abbdc53068ab0442f,3
2.8558559039,-72.17576,0x46c1d49f96c3a04a0c6e83dc5306caa044bf,4
2.8498498999,-78.09194,0x46c3dc9f96ebe14a044e91dd528f8ca0c4ad,2
2.8468468979,-59.8061,0xc7c7c0de36cba11a144b919c4106cab044be,1
2.84084089389,-74.74716,0x4f83cadfb6cb531b244a98d85b44cea064ba,0
2.83783789189,-77.75544,0x4f83c2dfb6cb531b244a98d85b44cea064ba,0
2.83183188789,-82.99616,0x46e3dc9f96ebe14a044e91dd528f8ca0c4ad,2
2.82882888589,-62.94484,0x47c7c0de36cba11a144b919c4106cab044be,1
2.82882888589,-91.4006,0x4681dc9f36eba1cb246ebbdc53068ab0442f,3
2.82882888589,-83.65318,0x4f83c2dfb6cb531b244a98d85b44caa064ba,0
2.82582588388,-90.57876,0x46e3dc9f96ebe1ca044e91dd528f8ca0c4ad,2
2.82282288188,-88.23616,0x4f83c2dfb6eb531b244a98d85b44caa064ba,0
2.81681687788,-79.1023,0x46c1d49f9683a04a0c6e83dc5306caa044bf,4
2.81681687788,-89.4688,0x4f83c2dfb6eb131b244a98d85b44caa064ba,0
2.81381387588,-98.2015,0x4f83c2dfb6eb131b244a98d85f44caa064ba,0
2.80480486987,-92.9487,0x46e3dc9f96ebe1ca0c4e91dd528f8ca0c4ad,2
2.80180186787,-82.05782,0x46c1d49f9683a04a0c6e83dc53068aa044bf,4
2.79879886587,-93.10044,0x46e3dc9f96ebe1ca2c4e91dd528f8ca0c4ad,2
2.79579586386,-67.53614,0x47c7c0de36cba11a144b919c4106cab044bf,1
2.79579586386,-100.6842,0x4f93c2dfb6eb131b244a98d85f44caa064ba,0
2.79579586386,-65.854,0x47d7c0de36cba11a144b919c4106cab044bf,1
2.79579586386,-102.1337,0x46f3dc9f96ebe1ca2c4e91dd528f8ca0c4ad,2
2.79579586386,-89.71846,0x4691dc9f36eba1cb246ebbdc53068ab0442f,3
2.79579586386,-80.37568,0x46d1d49f9683a04a0c6e83dc53068aa044bf,4
2.79279286186,-81.86118,0x46d1d49f9683a04a0c6e83dc53868aa044bf,4
2.79279286186,-90.42686,0x4691dcbf36eba1cb246ebbdc53068ab0442f,3
2.79279286186,-101.60202,0x4f93c2dfb6e3131b244a98d85f44caa064ba,0
2.79279286186,-104.72364,0x4f93c2dfb6e3131b244a98d85f44caa0e4ba,0
2.79279286186,-68.97562,0x47d7c0de36cba11a144b919c4106cab0c4bf,1
2.79279286186,-99.01208,0x46f3dc9f96ebe1ca2c4e91dd528f8ca044ad,2
2.79279286186,-93.54848,0x4691dcbf36eba1cb246ebbdc53068ab0c42f,3
2.79279286186,-84.9828,0x46d1d49f9683a04a0c6e83dc53868aa0c4bf,4
2.78978985986,-103.66478,0x46f3dc9f96ebe1ca2c4e91dd528f8ca045ad,2
2.77777785185,-107.44834,0x4f93c2dfb6e3131b244e98d85f44caa0e4ba,0
2.77477484985,-104.36954,0x46f3dc9f96eba1ca2c4e91dd528f8ca045ad,2
2.77177184785,-108.85216,0x4f93c2dfb6e31313244e98d85f44caa0e4ba,0
2.77177184785,-70.46112,0x47d7c0de36cba11a144b919c4186cab0c4bf,1
2.76876884585,-91.77426,0x46f1d49f9683a04a0c6e83dc53868aa0c4bf,4
2.76876884585,-108.68092,0x4f93c2dfb6e31313244e90d85f44caa0e4ba,0
2.76876884585,-70.63236,0x47d7c0de36cba11a144b999c4186cab0c4bf,1
2.76876884585,-106.2919,0x46f3dc9f96eba1ca2c4e99dd528f8ca045ad,2
2.76876884585,-93.37724,0x4691dcbf36eba1cb246eb3dc53068ab0c42f,3
2.76876884585,-91.9455,0x46f1d49f9683a04a0c6e8bdc53868aa0c4bf,4
2.76576584384,-111.2646,0x4f93c2dfb6e31313244e90d85f44caa0e43a,0
2.76576584384,-74.27116,0x47d7c0de36cba11a144b999c4186cab0c43f,1
2.76576584384,-110.97426,0x46f3dc9f96eba1ca2c4e99dd528f8ca0452d,2
2.76576584384,-89.73844,0x4691dcbf36eba1cb246eb3dc53068ab0c4af,3
2.76576584384,-95.5843,0x46f1d49f9683a04a0c6e8bdc53868aa0c43f,4
2.75975983984,-116.06462,0x46f3dc9f96eba1ca2c4e99dd528f84a0452d,2
2.75675683784,-101.03532,0x46f1949f9683a04a0c6e8bdc53868aa0c43f,4
2.75375383584,-77.55438,0x47d7c0de36cba11a144b999c4186cab0c43d,1
2.75375383584,-103.05106,0x46f1949f9683a04a0c6e8bdc53868aa4c43f,4
2.75075083383,-83.0054,0x47d780de36cba11a144b999c4186cab0c43d,1
2.75075083383,-103.47372,0x46f1949f9693a04a0c6e8bdc53868aa4c43f,4
2.74774783183,-88.71692,0x47d780de36cba11a144b999c5186cab0c43d,1
2.72672681782,-88.67046,0x47d780de36cba11a144b9b9c5186cab0c43d,1
2.72372381582,-117.3703,0x46f3d49f96eba1ca2c4e99dd528f84a0452d,2
2.72372381582,-89.04828,0x47d780de36cba11a144b9b9c5186eab0c43d,1
2.72372381582,-90.76208,0x4691d4bf36eba1cb246eb3dc53068ab0c4af,3
2.71171180781,-113.13894,0x4f93c2dfb6e31313244e90d85f44cab0e43a,0
2.71171180781,-112.76754,0x4f93c2dfb6e31313244e90d85e44cab0e43a,0
2.71171180781,-90.35516,0x47d780de36cba11a144b9b9c5086eab0c43d,1
2.71171180781,-115.35206,0x46f3d49f96eba1ca2c4e99dd538f84a0452d,2
2.71171180781,-90.39068,0x4691d4bf36eba1cb246eb3dc52068ab0c4af,3
2.71171180781,-105.49196,0x46f1949f9693a04a0c6e8bdc52868aa4c43f,4
2.70870880581,-91.55958,0x47d780de36cba11a144f9b9c5086eab0c43d,1
2.7057058038,-92.41042,0x4691d4bf36eba1ca246eb3dc52068ab0c4af,3
2.7057058038,-106.16806,0x46f1949f9693a04a0c6e8bdc52848aa4c43f,4
2.7027028018,-118.12532,0x46f3d4df96eba1ca2c4e99dd538f84a0452d,2
2.7027028018,-113.194,0x4f93c2dfb6e31313244e90d85e44cab0e43b,0
2.7027028018,-91.84588,0x47d780de36cba11a144f9b9c5086eab0c43c,1
2.7027028018,-118.41162,0x46f3d4df96eba1ca2c4e99dd538f84a0452c,2
2.7027028018,-91.98396,0x4691d4bf36eba1ca246eb3dc52068ab0c4ae,3
2.7027028018,-105.7416,0x46f1949f9693a04a0c6e8bdc52848aa4c43e,4
2.6996997998,-120.07066,0x46f3d4dfb6eba1ca2c4e99dd538f84a0452c,2
2.6996997998,-107.40064,0x46f1949fb693a04a0c6e8bdc52848aa4c43e,4
2.6936937958,-114.5637,0x4f13c2dfb6e31313244e90d85e44cab0e43b,0
2.6936937958,-92.1552,0x4691d4bf36eba1ca246ebbdc52068ab0c4ae,3
2.69069079379,-107.28004,0x46f1949fb693a04a0c6e8fdc52848aa4c43e,4
2.68168178779,-115.68298,0x4f13c2dfb6e31313244e90d85e44cab0e433,0
2.67867878579,-97.34246,0x4691d4bf36eba1ca246ebbdc52068ab2c4ae,3
2.67867878579,-122.66982,0x4ef3d4dfb6eba1ca2c4e99dd538f84a0452c,2
2.67567578378,-107.96568,0x46f1949fb693a04a0c6e87dc52848aa4c43e,4
2.67567578378,-115.96214,0x4f13c3dfb6e31313244e90d85e44cab0e433,0
2.66666677778,-124.10536,0x4ef3d4dfb6eba1ca2c4e98dd538f84a0452c,2
2.66666677778,-92.40854,0x47d780de36cba11a144f9b1c5086eab0c43c,1
2.66666677778,-116.13338,0x4f13c3dfb6e31313244e98d85e44cab0e433,0
2.65765777177,-100.99674,0x4e91d4bf36eba1ca246ebbdc52068ab2c4ae,3
2.65765777177,-116.7486,0x4f13c3dfb6e31313244e98d85c44cab0e433,0
2.65765777177,-95.27328,0x47d780de36cba11a144f9b1c5286eab0c43c,1
2.65765777177,-123.95646,0x4ef3d4dfb6eba1ca2c4e98dd518f84a0452c,2
2.65765777177,-100.13648,0x4e91d4bf36eba1ca246ebbdc50068ab2c4ae,3
2.65765777177,-107.10542,0x46f1949fb693a04a0c6e87dc50848aa4c43e,4
2.64264276176,-101.21924,0x4e91d4bf36eba1ca246ebbdc51068ab2c4ae,3
2.63963975976,-95.94938,0x47d780de36cba11a144f9b1c5284eab0c43c,1
2.63363375576,-121.93586,0x4f13c3dfb6e31313244e98d85c44cab2e433,0
2.63363375576,-105.51936,0x47d780de36cba11a144f9b1c5284eab2c43c,1
2.63363375576,-129.14372,0x4ef3d4dfb6eba1ca2c4e98dd518f84a2452c,2
2.63363375576,-96.03198,0x4e91d4bf36eba1ca246ebbdc51068ab0c4ae,3
2.63363375576,-104.87824,0x46f1949fb693a04a0c6e87dc50848aa6c43e,4
2.62462474975,-95.91138,0x4e91d4bf36eba1ca246ebfdc51068ab0c4ae,3
2.62462474975,-105.0817,0x46f1949fb693a04a046e87dc50848aa6c43e,4
2.62462474975,-120.5489,0x4f13c3dfb4e31313244e98d85c44cab2e433,0
2.62462474975,-105.32144,0x47d780de34cba11a144f9b1c5284eab2c43c,1
2.62462474975,-128.9458,0x4ef3d4dfb4eba1ca2c4e98dd518f84a2452c,2
2.62462474975,-101.12254,0x4e91d4bf34eba1ca246ebfdc51068ab0c4ae,3
2.62462474975,-104.88378,0x46f1949fb493a04a046e87dc50848aa6c43e,4
2.62162174775,-120.46408,0x4f93c3dfb4e31313244e98d85c44cab2e433,0
2.61561574374,-107.93128,0x46f1949fb493a04a046ea7dc50848aa6c43e,4
2.60960973974,-121.10142,0x4f93c3dfb0e31313244e98d85c44cab2e433,0
2.60960973974,-105.95878,0x47d780de30cba11a144f9b1c5284eab2c43c,1
2.60960973974,-129.58314,0x4ef3d4dfb0eba1ca2c4e98dd518f84a2452c,2
2.60960973974,-101.30616,0x4e91d4bf30eba1ca246ebfdc51068ab0c4ae,3
2.60960973974,-108.1149,0x46f1949fb093a04a046ea7dc50848aa6c43e,4
2.60660673774,-130.89002,0x4ef3d4dfb0eba1ca2c4e98dd508f84a2452c,2
2.60360373574,-131.75028,0x4ef3d4dfb0eba1ca2c4e98dd528f84a2452c,2
2.59759773173,-121.53158,0x4f91c3dfb0e31313244e98d85c44cab2e433,0
2.58558572372,-107.89494,0x47d780de30cb211a144f9b1c5284eab2c43c,1
2.58258272172,-108.31356,0x47d780de30cb211a144f9b1c5284eab2c53c,1
2.5555557037,-103.3938,0x4e91d4bfb0eba1ca246ebfdc51068ab0c4ae,3
2.5555557037,-126.29212,0x4f91c3dfb0e31313244e98d85c44eab2e433,0
2.5555557037,-127.39322,0x4f91c3dfb0e31313244e98d85c44eab2e423,0
2.5555557037,-107.3505,0x47d780de30cb211a144f9b1c5284eab2c52c,1
2.5555557037,-133.8465,0x4ef3d4dfb0eba1ca2c4e98dd528f84a2453c,2
2.5555557037,-105.49002,0x4e91d4bfb0eba1ca246ebfdc51068ab0c4be,3
2.5555557037,-106.01868,0x46f1949fb093a04a046ea7dc50848aa6c42e,4
2.5525527017,-105.88638,0x46f1949fb093a04a046ea7d850848aa6c42e,4
2.5525527017,-105.63892,0x4e91d4bfb0eba1ca246ebfdc53068ab0c4be,3
2.5525527017,-109.05358,0x47d780de30cb211a146f9b1c5284eab2c52c,1
2.5525527017,-127.81184,0x4f91c3dfb0e31313244e98d85c44eab2e523,0
2.5495496997,-131.21514,0x4f91c3dfb0e31313244e98d85c44eaa2e523,0
2.5495496997,-112.45688,0x47d780de30cb211a146f9b1c5284eaa2c52c,1
2.5495496997,-135.12516,0x4ef3d4dfb0eba1ca2c4e98dd528f84b2453c,2
2.5495496997,-103.76458,0x4e91d4bfb0eba1ca246ebfdc53068aa0c4be,3
2.5495496997,-107.76072,0x46f1949fb093a04a046ea7d850848ab6c42e,4
2.5435436957,-112.33628,0x47d780de30cb211a146f9f1c5284eaa2c52c,1
2.54054069369,-105.63892,0x4e91d4bfb0eba1ca246ebfdc53068ab0c4be,3
2.53453468969,-109.09814,0x46f1949fb093a04a046ea7d85084aab6c42e,4
2.53153168769,-105.9064,0x4e91d4bfb0eba3ca246ebfdc53068ab0c4be,3
2.52852868569,-133.436,0x4f91c3dfb0e31313245e98d85c44eaa2e523,0
2.52252268168,-109.45356,0x46f1949fb093a04a046ea7d850842ab6c42e,4
2.51951967968,-119.26282,0x47d780de308b211a146f9f1c5284eaa2c52c,1
2.51051067367,-138.46706,0x4ef3d4dfb0eba1ca2c4e98dd528fa4b2453c,2
2.50450466967,-111.94584,0x46f1949fb093a00a046ea7d850842ab6c42e,4
2.49849866567,-138.57882,0x4ef3d4dfb0eba1ca2c4e98dd528ea4b2453c,2
2.49249266166,-138.8463,0x4ef3d4dfb0eba3ca2c4e98dd528ea4b2453c,2
2.49249266166,-134.27732,0x4f91c3dfb0e31313245e98d95c44eaa2e523,0
2.49249266166,-120.10414,0x47d780de308b211a146f9f1d5284eaa2c52c,1
2.49249266166,-138.00498,0x4ef3d4dfb0eba3ca2c4e98dc528ea4b2453c,2
2.49249266166,-106.74772,0x4e91d4bfb0eba3ca246ebfdd53068ab0c4be,3
2.49249266166,-117.14132,0x46f1949fb093a00a046ea7d950842ab6c42e,4
2.48948965966,-111.49284,0x4e91d4bfb0eba3ca246eafdd53068ab0c4be,3
2.48648665766,-138.68108,0x4ef3d4dfb0eba3ca2c4e98dc528ca4b2453c,2
2.48048065365,-136.9048,0x4f91c3dfb0e31213245e98d95c44eaa2e523,0
2.47447464965,-111.9193,0x4e91d4bfb0eba3ca246eafdd53068ab0c4bf,3
2.47447464965,-119.74048,0x4ef1949fb093a00a046ea7d950842ab6c42e,4
2.47447464965,-142.90382,0x4ef3d4dfb0eba3ca2c4e98dc5284a4b2453c,2
2.46546564364,-125.13918,0x4ef1949fb093a00a046ea7d950842ab2c42e,4
2.46546564364,-120.22474,0x47d780de308b211a146f9b1d5284eaa2c52c,1
2.46246264164,-128.94454,0x4ef1949fb093a00a046ea7d950852ab2c42e,4
2.44444462963,-112.27472,0x4e91d4bfb0eba3ca246eafdd53060ab0c4bf,3
2.44444462963,-142.35582,0x4f9183dfb0e31213245e98d95c44eaa2e523,0
2.44444462963,-114.77372,0x47d7c0de308b211a146f9b1d5284eaa2c52c,1
2.44444462963,-148.35484,0x4ef394dfb0eba3ca2c4e98dc5284a4b2453c,2
2.44444462963,-117.72574,0x4e9194bfb0eba3ca246eafdd53060ab0c4bf,3
2.44444462963,-123.49352,0x4ef1d49fb093a00a046ea7d950852ab2c42e,4
2.42942961962,-130.39334,0x47f7c0de308b211a146f9b1d5284eaa2c52c,1
2.42342361562,-123.62582,0x4ef1d49fb093a00a046ea7dd50852ab2c42e,4
2.41741761161,-135.84436,0x47f780de308b211a146f9b1d5284eaa2c52c,1
2.41441460961,-121.7159,0x4e9194bfb0eba3ca246eafdd53070ab0c4bf,3
2.41141160761,-143.22274,0x4f9183dfb0e31213245698d95c44eaa2e523,0
2.40840860561,-137.24818,0x47f780de308b2112146f9b1d5284eaa2c52c,1
2.39039059359,-126.68548,0x4e9194bfb0eba3ca246eafdd53470ab0c4bf,3
2.37537558358,-142.15844,0x47f784de308b2112146f9b1d5284eaa2c52c,1
2.37537558358,-143.32642,0x4f9183dfb2e31213245698d95c44eaa2e523,0
2.36636657758,-127.64696,0x4e9194bfb0eba3ca246eafdd53470ab0e4bf,3
2.34834856557,-148.82244,0x4ef394dfb0eba3ca2c4e98dc5284e4b2453c,2
2.33633655756,-150.50362,0x4ef394dfb0eba3ca2c4e18dc5284e4b2453c,2
2.33333355556,-150.65834,0x4ef794dfb0eba3ca2c4e18dc5284e4b2453c,2
2.32432454955,-126.49056,0x4ef1d49fb093a00a046ea7dd52852ab2c42e,4
2.29129152753,-127.49826,0x4e9194bfb0eba3ca246eafdd53570ab0e4bf,3
2.29129152753,-143.1215,0x47f784de308b2112146f9b1d5284eaa2c53c,1
2.28828852553,-144.71568,0x4f9183dfb2e31213245698d95e44eaa2e523,0
2.27927951952,-151.28008,0x4ef794dfb0eba3ca2c4e185c5284e4b2453c,2
2.27327351552,-127.98956,0x4e9194bfb0eba3ca246eafdd53550ab0e4bf,3
2.26426450951,-130.57324,0x4e9194bfb0eba3ca246eafdd53550ab0e43f,3
2.26126150751,-126.91702,0x4ef1d49fb093a00a046ea7dd52852ab2c42f,4
2.25825850551,-143.56852,0xf9183dfb2e31213245698d95e44eaa2e523,0
2.25825850551,-145.5579,0x7f784de308b2112146f9b1d5284eaa2c53c,1
2.25825850551,-153.71648,0xef794dfb0eba3ca2c4e185c5284e4b2453c,2
2.25825850551,-129.42608,0xe9194bfb0eba3ca246eafdd53550ab0e43f,3
2.25825850551,-125.76986,0xef1d49fb093a00a046ea7dd52852ab2c42f,4
2.2552555035,-154.05416,0x2ef794dfb0eba3ca2c4e185c5284e4b2453c,2
2.2462464975,-129.54668,0xe9194bfb0eba3ca246eabdd53550ab0e43f,3
2.22822848549,-143.65334,0xf1183dfb2e31213245698d95e44eaa2e523,0
2.21921947948,-144.29928,0xf1183dfb6e31213245698d95e44eaa2e523,0
2.21321347548,-129.69538,0xe9194bfb0eba3ca246eabdd53450ab0e43f,3
2.20720747147,-154.37858,0x2ef794dfb0eba3ca2c4e181c5284e4b2453c,2
2.20420446947,-150.07802,0xf1183dfb6f31213245698d95e44eaa2e523,0
2.19819846547,-148.15706,0xff784de308b2112146f9b1d5284eaa2c53c,1
2.18018045345,-131.71112,0xe9194bfb0eba3ca246eabdd53450ab4e43f,3
2.16216244144,-131.88734,0xef1d4bfb093a00a046ea7dd52852ab2c42f,4
2.15015043343,-150.58214,0xf1183deb6f31213245698d95e44eaa2e523,0
2.14414442943,-155.2199,0x2ef794dfb0eba3ca2c4e181d5284e4b2453c,2
2.13813842543,-148.03646,0xff784de308b2112146f9f1d5284eaa2c53c,1
2.13213242142,-143.99872,0xef1d4bfb093a00a046ea7dd52852ab2c42d,4
2.11711741141,-149.44974,0xef194bfb093a00a046ea7dd52852ab2c42d,4
2.11411440941,-157.49796,0xf0183deb6f31213245698d95e44eaa2e523,0
2.0990993994,-155.44912,0x3ef794dfb0eba3ca2c4e181d5284e4b2453c,2
2.05405436937,-132.09598,0xe9194bfb0eba3ca246eabdd53450ab4e43b,3
2.03903935936,-135.30504,0xe9194bfb0eba3ca246eabd953450ab4e43b,3
2.03903935936,-149.73604,0xef194bfb093a00a046ea7dd52852ab2c42c,4
2.03003035335,-135.72366,0xe9194bfb0eba3ca246eabd953450ab4e53b,3
2.02102134735,-157.73066,0xf0183deb6f31213245698d95e44eaa2f523,0
2.02102134735,-138.0936,0xe9194bfb0eba3ca2c6eabd953450ab4e53b,3
2.01501534334,-138.30466,0xe9194bfb0eba3ca2c6eabd953450abce53b,3
1.96696731131,-158.10206,0xf0183deb6f31213245698d95f44eaa2f523,0
1.93693729129,-148.37414,0x2ff784de308b2112146f9f1d5284eaa2c53c,1
1.91591627728,-159.67422,0xf0183deb6f31213245698d95744eaa2f523,0
1.89189226126,-158.85242,0x3ef794dfb0eba3ca2c4e181d5284e4a2453c,2
1.86186224124,-148.49474,0x2ff784de308b2112146f9b1d5284eaa2c53c,1
1.85285323524,-139.9868,0xe8194bfb0eba3ca2c6eabd953450abce53b,3
1.83183222122,-161.63138,0xf0183de36f31213245698d95744eaa2f523,0
1.81381420921,-162.12274,0xf0183de36f31213245698d95744eaa2b523,0
1.78979019319,-142.3965,0xe8194bfb0eba3ca2c6eabd953450aace53b,3
1.76876917918,-158.528,0x3ef794dfb0eba3ca2c4e185d5284e4a2453c,2
1.76276317518,-142.2759,0xe8194bfb0eba3ca2c6eafd953450aace53b,3
1.71471514314,-151.83226,0xef194bfb093a00a046ea7dd52852ab2c43c,4
1.71171214114,-158.85242,0x3ef794dfb0eba3ca2c4e181d5284e4a2453c,2
1.66967011311,-142.76726,0xe8194bfb0eba3ca2c6eafd953450aaca53b,3
1.63063108709,-152.89774,0xef194bfb093a00a046eafdd52852ab2c43c,4
1.59159206106,-142.99996,0xe8194bfb0eba3ca2c6eafd953450aacb53b,3
1.57357404905,-153.31636,0xef194bfb093a00a046eafdd52852ab2c53c,4
1.54654703103,-153.18406,0xef194bfb093a00a046eafd952852ab2c53c,4
1.51952001301,-163.2699,0x4f0183de36f31213245698d95744eaa2b523,0
1.501502001,-154.33122,0x4ef194bfb093a00a046eafd952852ab2c53c,4
1.49249299499,-164.0474,0x4f0183de36f31213245698595744eaa2b523,0
1.43243295495,-145.40412,0xe8194bfb0eba3ca2c6eafd953450aacb533,3
1.41741794494,-156.44492,0x4ef194bfb093a00a046eafd952c52ab2c53c,4
1.37837891892,-150.82376,0x2ff784de308b2112146d9b1d5284eaa2c53c,1
1.36336390891,-145.8458,0xe8195bfb0eba3ca2c6eafd953450aacb533,3
1.3543549029,-145.6971,0xe8195bfb0eba3ca2c6eafd953550aacb533,3
1.33033088689,-145.5482,0xe8195bfb0eba3ca2c6eafd951550aacb533,3
1.29729786486,-158.76702,0x4ef194bfb093a00a046eafd952452ab2c53c,4
1.28828885886,-146.69536,0x4e8195bfb0eba3ca2c6eafd951550aacb533,3
1.25825883884,-146.84406,0x4e8195bfb0eba3ca2c6eafd951450aacb533,3
1.22522581682,-152.2702,0x2ff784de308b2112146d9b3d5284eaa2c53c,1
1.22222281481,-161.40462,0x36f794dfb0eba3ca2c4e181d5284e4a2453c,2
1.1981987988,-158.88762,0x4ef194bfb093a00a046eabd952452ab2c53c,4
1.18318378879,-159.03936,0x4ef194bfb093a00a246eabd952452ab2c53c,4
1.11411474274,-146.99296,0x4e8195bfb0eba3ca2c6eafd953450aacb533,3
1.10810873874,-152.1496,0x2ff784de308b2112146d9f3d5284eaa2c53c,1
1.10510573674,-147.86956,0x4e8195bfb0eba3ca2c6eafd953440aacb533,3
1.09009072673,-147.68594,0x4e8195bfb4eba3ca2c6eafd953440aacb533,3
1.06606671071,-154.63236,0x2ff784de308b2112146d9f2d5284eaa2c53c,1
0.945946630631,-147.80654,0x4e8195bfb4eba3ca2c6eabd953440aacb533,3
0.867868578579,-160.95808,0x4ef194bfb093a20a246eabd952452ab2c53c,4
0.843844562563,-154.75296,0x2ff784de308b2112146d9b2d5284eaa2c53c,1
0.822823548549,-163.96258,0x4f8183de36f31213245698595744eaa2b523,0
0.786787524525,-149.82632,0x4e8197bfb4eba3ca2c6eabd953440aacb533,3
0.783784522523,-156.31632,0x2ff784de308b2112146d9b255284eaa2c53c,1
0.747748498498,-164.0474,0x4f0183de36f31213245698595744eaa2b523,0
0.603604402402,-152.49102,0x4e8193bfb4eba3ca2c6eabd953440aacb533,3
0.558559372372,-160.83748,0x4ef194bfb093a20a246eafd952452ab2c53c,4
0.55555637037,-163.96258,0x4f8183de36f31213245698595744eaa2b523,0
0.537538358358,-152.67464,0x4e8193bfb0eba3ca2c6eabd953440aacb533,3
0.48048132032,-161.11832,0x36f794dfb0eba3ca2c4e181d5284e4a2453d,2
0.471472314314,-161.20888,0x4ef194bfb093a20a246eafd953452ab2c53c,4
0.453454302302,-164.0474,0x4f0183de36f31213245698595744eaa2b523,0
0.42042128028,-165.35308,0x4f018bde36f31213245698595744eaa2b523,0
0.363364242242,-156.16762,0x2ff784de308b2112146d9b255294eaa2c53c,1
0.318319212212,-156.31632,0x2ff784de308b2112146d9b255284eaa2c53c,1
0.282283188188,-160.98602,0x36f794dfb0eba3ca2c4e18195284e4a2453d,2
0.279280186186,-160.4208,0x2ff784de308b2192146d9b255284eaa2c53c,1
0.192193128128,-152.52594,0x4e8193bfb0eba3ca2c6eabd953540aacb533,3
0.114115076076,-161.00542,0x4ef194bfb093a20a2c6eafd953452ab2c53c,4
0.114115076076,-160.2721,0x2ff784de308b2192146d9b255294eaa2c53c,1
0.054055036036,-152.34046,0x4e8193bfb0eba3ca2c6eabd953540aadb533,3
0.039040026026,-161.27232,0x36f794dfb0eba3ca2c4e18195284e4a2453c,2
0.027028018018,-160.1515,0x2ff784de308b2192146d9f255294eaa2c53c,1
0.00901000600601,-160.70376,0x36f794dfb0ebe3ca2c4e18195284e4a2453c,2
1e-06,-158.82492,0x2ff784de308b2192146d9f255094eaa2c53c,1
