Path-Integral Quantum Monte Carlo
{'dump': 'utils/qmc8.txt', 'G0': 3, 'ef': 4, 'P': 5, 'steps': 1000, 'T': 0.015, 'Gf': 1e-06, 'e0': 1e-06}
<class 'ising.SpinGlass'>(data_file="sample_data/ising8.txt", spin_configuration="0x42d05d3f2b8c697a")
3,24.78615,0x42d05d3f2b8c697a,-1
3.0,17.91713,0x42d05d3f2a8c697a,2
3.0,17.44679,0x42c05d3f2b8c697a,1
3.0,18.50919,0x42d04d3f2b8c697a,3
3.0,23.80391,0x42d05d3f2b8d697a,4
2.996996998,19.27109,0x42d05d3e2b8d697a,4
2.996996998,15.63707,0x42d05d3f2a8e697a,2
2.996996998,13.94065,0x42d04d3b2b8c697a,3
2.996996998,13.35131,0xc2c05d3f2b8c697a,1
2.993993996,17.18945,0x43d05d3e2b8d697a,4
2.993993996,12.61449,0xc2c05d3d2b8c697a,1
2.99099099399,16.77059,0x43d05d3e2b8d687a,4
2.99099099399,9.84517,0xc2d04d3b2b8c697a,3
2.99099099399,14.91841,0x42d01d3f2a8e697a,2
2.99099099399,24.63343,0x42d05d3f3b8c697a,0
2.98798799199,12.53451,0x42d01d3f2aae697a,2
2.98798799199,18.35647,0x42d04d3f3b8c697a,0
2.98798799199,16.13761,0x43d05d3e2b8d687e,4
2.98498498999,8.04899,0x42d01d3f0aae697a,2
2.98498498999,13.81391,0x42d0493f3b8c697a,0
2.98498498999,10.56269,0x43d0553e2b8d687e,4
2.98498498999,10.79165,0xc2c05d3d298c697a,1
2.98498498999,14.18305,0x42d0493f3b88697a,0
2.98498498999,11.16079,0xc2c05d3d2988697a,1
2.98498498999,4.93757,0x42d01d3f0aaa697a,2
2.98498498999,10.21431,0xc2d04d3b2b88697a,3
2.98498498999,10.93183,0x43d0553e2b89687e,4
2.98198198799,10.63627,0x43d0553e2b89687c,4
2.98198198799,9.29597,0x42d0493f3b98697a,0
2.98198198799,5.58587,0xc2c0553d2988697a,1
2.98198198799,-2.40179,0x42c01d3f0aaa697a,2
2.97897898599,3.34529,0xc2d04d3b2a88697a,3
2.97897898599,9.29735,0x43d8553e2b89687c,4
2.97897898599,4.37053,0x42d0493f3b98693a,0
2.97597598398,5.21673,0xc2c0553d298c697a,1
2.97597598398,8.33183,0x43da553e2b89687c,4
2.97597598398,2.03929,0x40d0493f3b98693a,0
2.97297298198,-2.49573,0x42c01d3e0aaa697a,2
2.97297298198,0.70953,0x43da553e2b09687c,4
2.97297298198,0.53303,0x40d1493f3b98693a,0
2.97297298198,2.88549,0xc0c0553d298c697a,1
2.96996997998,-4.66511,0x43da553e6b09687c,4
2.96696697798,-5.20761,0x43da55be6b09687c,4
2.96696697798,-4.39451,0x40d1493f3bd8693a,0
2.96696697798,-5.03695,0x40d14b3f3bd8693a,0
2.96696697798,-4.94339,0xc0c0573d298c697a,1
2.96696697798,-5.58493,0x42c01f3e0aaa697a,2
2.96696697798,0.25609,0xc2d04f3b2a88697a,3
2.96696697798,-8.37849,0x43da57be6b09687c,4
2.96396397598,-8.34897,0x42c03f3e0aaa697a,2
2.96396397598,-12.61649,0xc0c057bd298c697a,1
2.96396397598,-9.93929,0x43da57be6b096874,4
2.96396397598,-5.66993,0x40d14b3f3bd8693e,0
2.96396397598,-13.24947,0xc0c057bd298c697e,1
2.96396397598,-8.98195,0x42c03f3e0aaa697e,2
2.96396397598,-0.37689,0xc2d04f3b2a88697e,3
2.96396397598,-12.94163,0x43da57be6b096870,4
2.96096097397,-14.75573,0xc0c157bd298c697e,1
2.95795797197,-16.44825,0xc0c157bd298c6d7e,1
2.95795797197,-15.21771,0x43da57be6b016870,4
2.95495496997,-1.88315,0xc2d14f3b2a88697e,3
2.95195196797,-10.02915,0x42c23f3e0aaa697e,2
2.95195196797,-15.93677,0x40d14b3f3bd86b3e,0
2.95195196797,-20.81061,0xc0c157bd298c6f7e,1
2.95195196797,-19.62779,0x42c23f3e0aaa6b7e,2
2.95195196797,-12.14999,0xc2d14f3b2a886b7e,3
2.95195196797,-11.52355,0x43da57be6b016a70,4
2.94894896597,-23.08063,0xc0c157bd298c6f7a,1
2.94894896597,-19.40827,0xc2d14f3baa886b7e,3
2.94594596396,-16.09209,0x43da57ba6b016a70,4
2.94594596396,-16.65543,0x40d10b3f3bd86b3e,0
2.94594596396,-19.32695,0x40d10b3f39d86b3e,0
2.94594596396,-21.25779,0xc0c157bd2b8c6f7a,1
2.94594596396,-20.39451,0x42c23f3e08aa6b7e,2
2.94594596396,-18.85143,0xc2d14f3ba8886b7e,3
2.94594596396,-18.76361,0x43da57ba69016a70,4
2.94294296196,-23.77897,0xc2d14f3ba8c86b7e,3
2.93993995996,-20.30057,0x42c23f3f08aa6b7e,2
2.93993995996,-21.79851,0xc1c157bd2b8c6f7a,1
2.93693695796,-21.76755,0xd10b3f39d86b3e,0
2.93393395596,-29.21315,0xc1c1d7bd2b8c6f7a,1
2.93093095395,-23.62335,0xd12b3f39d86b3e,0
2.92792795195,-22.24365,0x43da47ba69016a70,4
2.92492494995,-25.52785,0x43da47ba69016a72,4
2.92492494995,-27.16433,0xc2d14f3b88c86b7e,3
2.92492494995,-32.25395,0xc1c1d7bd2b846f7a,1
2.92192194795,-22.39637,0x42c23b3f08aa6b7e,2
2.91891894595,-31.01307,0xd12b3f79d86b3e,0
2.91891894595,-27.41245,0xc2f14f3b88c86b7e,3
2.91591594394,-24.94485,0x42c23b3f08ba6b7e,2
2.91591594394,-32.57387,0xd12b3f79d86b36,0
2.91291294194,-35.83391,0xc1c1d79d2b846f7a,1
2.91291294194,-25.81085,0x42c23b7f08ba6b7e,2
2.91291294194,-34.63751,0xd12b3f59d86b36,0
2.90690693794,-27.50639,0xc2f14f3a88c86b7e,3
2.90690693794,-28.08879,0x42c33b7f08ba6b7e,2
2.90690693794,-36.81615,0xc1c1d79d2b856f7a,1
2.90690693794,-31.22041,0xd12b3f59f86b36,0
2.90690693794,-39.20005,0xc1c1d79d2ba56f7a,1
2.90690693794,-28.93741,0x42c33b7f089a6b7e,2
2.90690693794,-28.42197,0xc2f14f3a88e86b7e,3
2.90690693794,-27.91175,0x43da47ba69216a72,4
2.90390393594,-39.68053,0xc1c3d79d2ba56f7a,1
2.90090093393,-34.53685,0x1d12b3f59f86b36,0
2.90090093393,-33.56523,0x42c33b7d089a6b7e,2
2.90090093393,-29.27145,0x1d12b3f59f86b76,0
2.90090093393,-44.60597,0xc1c3d79d2ba56f3a,1
2.90090093393,-38.49067,0x42c33b7d089a6b3e,2
2.90090093393,-33.34741,0xc2f14f3a88e86b3e,3
2.90090093393,-32.83719,0x43da47ba69216a32,4
2.89789793193,-43.41821,0x42c33b7d08da6b3e,2
2.89789793193,-35.89589,0xc2f14f3a88f86b3e,3
2.89789793193,-46.42881,0xc1c3d79d29a56f3a,1
2.88888892593,-31.45265,0x1d12b3f59f86376,0
2.88888892593,-46.71721,0xc1c3d79d29a5673a,1
2.88888892593,-41.30305,0x42c33b7d08da633e,2
2.88888892593,-33.78073,0xc2f14f3a88f8633e,3
2.88888892593,-36.38927,0x43da47ba69216232,4
2.88588592392,-34.04741,0x1d12b3759f86376,0
2.88588592392,-46.99349,0xc1c3d79d29a5633a,1
2.87987991992,-39.31281,0x1d12b3759f86336,0
2.87987991992,-41.90313,0x42c33b7d18da633e,2
2.87987991992,-38.98705,0x43da47bb69216232,4
2.87687691792,-39.63789,0xc2f14f3a88f86336,3
2.87687691792,-42.56701,0x43da479b69216232,4
2.87687691792,-47.62647,0xc1c3d79d29a5633e,1
2.87387391592,-44.34373,0x2c33b7d18da633e,2
2.87087091391,-41.50937,0xc3f14f3a88f86336,3
2.85885890591,-39.79329,0x1d32b3759f86336,0
2.85885890591,-40.13121,0x3d32b3759f86336,0
2.85885890591,-47.96439,0xc3c3d79d29a5633e,1
2.85885890591,-45.33657,0xc33b7d18da633e,2
2.85885890591,-42.50985,0xc1f14f3a88f86336,3
2.85885890591,-42.22909,0x41da479b69216232,4
2.8558559039,-43.06669,0xc1f14f3a8af86336,3
2.8528529019,-52.65191,0xc33bfd18da633e,2
2.8528529019,-44.17537,0xc1f14e3a8af86336,3
2.8498498999,-47.18249,0xc1f1ce3a8af86336,3
2.8498498999,-42.37853,0x3532b3759f86336,0
2.8498498999,-44.17391,0xc343d79d29a5633e,1
2.8498498999,-54.89923,0x433bfd18da633e,2
2.8498498999,-43.39201,0xc171ce3a8af86336,3
2.8498498999,-49.72965,0x415a479b69216232,4
2.8468468979,-44.15267,0xc343d39d29a5633e,1
2.8468468979,-45.69521,0x3432b3759f86336,0
2.8468468979,-57.49399,0x433bf518da633e,2
2.8438438959,-62.53813,0x433be518da633e,2
2.8438438959,-44.89695,0xc343d39d29a56b3e,1
2.84084089389,-46.44179,0x3432b3759f86332,0
2.83783789189,-50.08245,0x3432b3758f86332,0
2.83483488989,-46.45775,0xc343d39d29a56b36,1
2.83183188789,-55.39445,0x415ac79b69216232,4
2.82582588388,-46.36021,0x4171ce3a8af86336,3
2.82582588388,-51.83239,0xc343d39d69a56b36,1
2.82582588388,-55.22373,0x615ac79b69216232,4
2.82282288188,-47.10679,0x4171ce3a8af86332,3
2.81681687788,-56.11653,0x615ac79b6921e232,4
2.81381387588,-56.00641,0x615ac79b6121e232,4
2.81081087387,-49.88479,0x4171c63a8af86332,3
2.80780787187,-62.62009,0x433be51ada633e,2
2.80480486987,-52.32539,0x171c63a8af86332,3
2.79579586386,-57.14027,0x615ac79b6125e232,4
2.79579586386,-53.66431,0x179c63a8af86332,3
2.78978985986,-57.61311,0x715ac79b6125e232,4
2.78678685786,-54.75523,0x17dc63a8af86332,3
2.78378385586,-50.06029,0x3432b7758f86332,0
2.78078085385,-57.95103,0x735ac79b6125e232,4
2.78078085385,-51.98511,0xc343d39d79a56b36,1
2.77777785185,-58.17233,0x17dc63a8ad86332,3
2.77777785185,-53.47739,0x3432b7758d86332,0
2.76576584384,-68.47725,0x433be51ada6336,2
2.76576584384,-63.26475,0x17dc63a8ada6332,3
2.76576584384,-54.95331,0x4343d39d79a56b36,1
2.75675683784,-58.50539,0x4343d39d79a56336,1
2.75375383584,-53.49955,0x3432b3758d86332,0
2.74774783183,-54.78755,0x3032b3758d86332,0
2.74174182783,-58.52663,0x4343d79d79a56336,1
2.73873882583,-69.76525,0x33be51ada6336,2
2.73873882583,-63.86483,0x17dc63a9ada6332,3
2.72672681782,-58.93637,0x4342d79d79a56336,1
2.72072081381,-69.32863,0x17dc43a9ada6332,3
2.71771781181,-60.61597,0x735ac79b6525e232,4
2.7057058038,-73.08169,0x1033be51ada6336,2
2.7057058038,-56.25031,0x3832b3758d86332,0
2.6936937958,-73.58101,0x1033be59ada6336,2
2.68168178779,-73.91893,0x3033be59ada6336,2
2.67567578378,-70.09535,0x17dc43a98da6332,3
2.67267278178,-63.73579,0x735ac7996525e232,4
2.66966977978,-62.66629,0x3832b3758da6332,0
2.64264276176,-74.84853,0x3233be59ada6336,2
2.63963975976,-76.31129,0x3a33be59ada6336,2
2.63963975976,-63.59589,0x3a32b3758da6332,0
2.63663675776,-63.68983,0x3a32b3658da6332,0
2.63363375576,-64.48805,0x3a32b3659da6332,0
2.62162174775,-71.97843,0x13dc43a98da6332,3
2.61561574374,-63.31051,0x4342d79d79e56336,1
2.60960973974,-74.07719,0x13de43a98da6332,3
2.60060073373,-64.10669,0x735ac7996525e332,4
2.60060073373,-64.05709,0x4342d79d79e56332,1
2.59459472973,-77.05787,0x3a33be59ada6332,2
2.58858872573,-65.56065,0x3b32b3659da6332,0
2.56456470971,-64.87341,0x735ac7996725e332,4
2.5525527017,-64.53549,0x715ac7996725e332,4
2.5435436957,-64.03585,0x4342d39d79e56332,1
2.50750767167,-66.84815,0x4342d39d79656332,1
2.50450466967,-64.82669,0x7158c7996725e332,4
2.49249266166,-67.28401,0x4342d39d79256332,1
2.49249266166,-76.35513,0x13ce43a98da6332,3
2.48648665766,-69.72461,0x342d39d79256332,1
2.48048065365,-66.33183,0x3b32b3459da6332,0
2.45045063363,-69.74585,0x342d79d79256332,1
2.44444462963,-71.26961,0x7158c79967256332,4
2.41441460961,-66.90995,0x3bb2b3459da6332,0
2.40840860561,-69.74115,0x342d78d79256332,1
2.35135156757,-67.45245,0x3bb2bb459da6332,0
2.32132154755,-68.56113,0x3bb2ab459da6332,0
2.31231254154,-72.80169,0x342d78979256332,1
2.29729753153,-71.65033,0x3bb28b459da6332,0
2.25825850551,-72.36053,0x715cc79967256332,4
2.2522525015,-71.86839,0x3bb28a459da6332,0
2.2492494995,-72.80639,0x342d79979256332,1
2.2462464975,-71.87971,0x3bf28a459da6332,0
2.21921947948,-76.97591,0x3a33be598da6332,2
2.17717745145,-71.97365,0x3bf28a559da6332,0
2.17417444945,-71.96233,0x3bb28a559da6332,0
2.16816844545,-75.60299,0x3bb28a558da6332,0
2.13813842543,-75.68495,0x3bb28a55ada6332,0
1.84985023323,-72.65367,0x342d79969256332,1
1.82882921922,-72.37739,0x342d79969256732,1
1.7987991992,-77.05787,0x3a33be59ada6332,2
1.78678719119,-75.69627,0x3bf28a55ada6332,0
1.73273315516,-72.65367,0x342d79969256332,1
1.71471514314,-72.80639,0x342d79979256332,1
1.67267311512,-75.68495,0x3bb28a55ada6332,0
1.62762808509,-75.69627,0x3bf28a55ada6332,0
1.61561607708,-75.68495,0x3bb28a55ada6332,0
1.52852901902,-75.69627,0x3bf28a55ada6332,0
1.50750800501,-75.68495,0x3bb28a55ada6332,0
1.498498999,-72.08425,0x715cc79967256732,4
1.48948999299,-72.65367,0x342d79969256332,1
1.48648699099,-75.60299,0x3bb28a558da6332,0
1.45045096697,-72.36053,0x715cc79967256332,4
1.3543549029,-75.71485,0x3bb28a758da6332,0
1.18918979279,-75.72617,0x3bf28a758da6332,0
1.08708772472,-72.80639,0x342d79979256332,1
0.993994662663,-75.71485,0x3bb28a758da6332,0
0.933934622623,-72.80169,0x342d78979256332,1
0.807808538539,-72.80639,0x342d79979256332,1
0.702703468468,-75.60299,0x3bb28a558da6332,0
0.684685456456,-75.61431,0x3bf28a558da6332,0
0.669670446446,-75.72617,0x3bf28a758da6332,0
0.651652434434,-75.71485,0x3bb28a758da6332,0
0.633634422422,-75.60299,0x3bb28a558da6332,0
0.609610406406,-75.71485,0x3bb28a758da6332,0
0.507508338338,-72.80169,0x342d78979256332,1
0.486487324324,-75.72617,0x3bf28a758da6332,0
0.429430286286,-72.80639,0x342d79979256332,1
0.321322214214,-72.65367,0x342d79969256332,1
0.25525617017,-72.54355,0x342d79961256332,1
0.177178118118,-75.20849,0x342d79965256332,1
0.147148098098,-75.97521,0x342d79967256332,1
0.144145096096,-75.71485,0x3bb28a758da6332,0
1e-06,-75.22863,0x342d79967256336,1
